iter,sigma,best_value
1,1.0016106669926288,2822431.940528095
2,1.0622510603085995,2794680.759103805
3,1.1821721692896552,2770946.7794881454
4,1.3696040185698322,2739904.4872294767
5,1.5738087180937237,2699706.905954348
6,2.0779698227635253,2587737.425776612
7,2.7170083346985874,2555504.325377978
8,3.6066262013509722,2432187.9706888506
9,4.403486635582184,2396769.784166241
10,5.511008613193523,2260538.539546807
11,7.375766833035156,2023275.5415383694
12,8.847017413434727,1866507.2154577645
13,10.55356564658606,1727734.6622290812
14,12.691986733792092,1450295.7093037374
15,15.560847813118473,1143673.448747989
16,18.962930468090224,812365.286037661
17,22.623228525200254,515640.2937663944
18,27.41404498197817,254078.7711650913
19,34.015736049555834,55949.74199119667
20,42.745875476913426,12354.783430302305
21,49.477620857173086,7272.058027230355
22,54.23393378805419,7272.058027230355
23,58.154236089093416,7272.058027230355
24,59.606254457889705,7272.058027230355
25,54.94838272155681,7272.058027230355
26,49.912708818851385,7272.058027230355
27,47.92677701033402,7272.058027230355
28,45.35845801150821,7272.058027230355
29,41.72595879461265,7272.058027230355
30,38.597113055318886,6709.781940441041
31,37.03525874743247,5228.945389222572
32,34.78825060347714,4740.153910535578
33,31.797321466770395,4740.153910535578
34,30.52618073811367,4740.153910535578
35,27.844354400958913,4740.153910535578
36,26.30352706222191,4740.153910535578
37,26.23185033676994,3650.44386660982
38,26.070627225187874,3650.44386660982
39,25.636242086163605,3650.44386660982
40,25.669681531556158,3650.44386660982
41,22.654784956593844,3650.44386660982
42,21.53170890929351,3650.44386660982
43,20.09369163149902,3650.44386660982
44,19.769123092460777,3650.44386660982
45,18.776812488228458,2442.9127037208154
46,17.021282961075723,2442.9127037208154
47,15.849336158461886,2442.9127037208154
48,15.238709731129063,2442.9127037208154
49,14.264334742255956,2442.9127037208154
50,14.746215652150228,2278.1096361605287
51,14.534976840093504,2278.1096361605287
52,14.20486158019688,2278.1096361605287
53,13.885537339270732,2278.1096361605287
54,12.496793834287248,2278.1096361605287
55,12.018917763882413,2081.4110671929184
56,11.081996198443012,1815.059452958054
57,10.602473868085372,1815.059452958054
58,10.584200125783887,1697.8946378284281
59,11.12043840710181,1435.9276797544098
60,10.902356023484591,1435.9276797544098
61,10.861605325008007,1417.7841213613044
62,11.507098737304426,1417.7841213613044
63,13.206507442302657,1417.7841213613044
64,14.383541698026848,1417.7841213613044
65,15.543215183949473,825.6354185331556
66,15.743238966936884,825.6354185331556
67,15.386037804035784,825.6354185331556
68,16.599388526688966,825.6354185331556
69,15.586285556463496,825.6354185331556
70,15.4303450069322,825.6354185331556
71,14.411876601313235,825.6354185331556
72,13.113051717712642,775.2150956226311
73,12.768012895409912,712.0272667199296
74,12.684484156125412,449.82791303704374
75,13.449549505942038,449.82791303704374
76,13.556943216662168,449.82791303704374
77,13.328671798769342,449.82791303704374
78,12.520854558343762,449.82791303704374
79,11.788210909783036,449.82791303704374
80,11.185795096771388,449.82791303704374
81,10.44796529287076,449.82791303704374
82,10.21145613777475,375.35607321683733
83,9.954262474439759,375.35607321683733
84,9.474247255971019,305.5813838762148
85,8.552347469658766,305.5813838762148
86,8.384015717218595,305.5813838762148
87,7.86394084313727,126.96076243952555
88,7.850243507926158,126.96076243952555
89,7.538029243027477,126.96076243952555
90,6.833140913060125,126.96076243952555
91,6.29615173232941,101.71646855346462
92,6.1123964871055145,101.71646855346462
93,5.7124930456424305,101.71646855346462
94,5.565609059796135,101.71646855346462
95,5.485907604584585,100.30678186080225
96,5.493222590008047,100.30678186080225
97,5.006512251396692,76.31912971082822
98,4.757326725560064,54.96041086043134
99,4.288827401759691,51.07370437855627
100,3.8242305065658777,40.85515230014752
101,3.5227337450505773,40.85515230014752
102,3.2479579503366445,38.17159347934946
103,3.07168918388687,22.28915199976477
104,2.706529822425551,18.353422153183214
105,2.498302396345695,18.353422153183214
106,2.391307352723988,16.968917198488466
107,2.2767482572381827,8.17143937056562
108,2.271099316161884,8.17143937056562
109,2.146402150979699,8.17143937056562
110,1.9661765914491698,8.17143937056562
111,1.7886347947498713,8.17143937056562
112,1.7546858566670767,8.17143937056562
113,1.5893185022201155,4.8795663551667
114,1.4735490932938373,4.8795663551667
115,1.4297117553799281,4.8795663551667
116,1.4434929475490081,4.3525271212385475
117,1.4074235844761103,2.2094225630676085
118,1.4984972039414222,2.2094225630676085
119,1.4059611544111807,2.2094225630676085
120,1.3513442758179262,2.2094225630676085
121,1.3212138211915012,2.2094225630676085
122,1.3136627912162238,2.2094225630676085
123,1.317643326959436,2.2094225630676085
124,1.3649063872155185,2.2094225630676085
125,1.3470185106173913,2.2094225630676085
126,1.3548504572076558,2.2094225630676085
127,1.3036329055905118,2.2094225630676085
128,1.2242464617779087,2.2094225630676085
129,1.2125561951785904,2.2094225630676085
130,1.1426159753951401,2.2094225630676085
131,1.038589035406413,2.2094225630676085
132,0.9257455696736354,1.9229496059577544
133,0.9453513239061538,1.1442044348101381
134,0.9137480634690867,1.1442044348101381
135,0.8755778964154705,1.1442044348101381
136,0.8286263285135278,1.0206700575894323
137,0.8006750398381882,1.0206700575894323
138,0.7325960766776738,0.5915859447214691
139,0.6645323515301333,0.5533708526908927
140,0.6508168972551599,0.5533708526908927
141,0.6464294091026417,0.32075445424012045
142,0.6626988708173097,0.32075445424012045
143,0.6281720356119599,0.32075445424012045
144,0.5944674132712428,0.32075445424012045
145,0.6221001063827915,0.32075445424012045
146,0.5671091135862759,0.32075445424012045
147,0.5440357997842092,0.32075445424012045
148,0.5027200741012321,0.32075445424012045
149,0.438576299165628,0.26633941821685486
150,0.414832305647212,0.14003980851057732
151,0.3900968559317859,0.08539779094842545
152,0.34353913603880476,0.0525617162207656
153,0.306088261902262,0.0525617162207656
154,0.2886970315046598,0.0525617162207656
155,0.28220463969289916,0.0525617162207656
156,0.25057695256940876,0.0525617162207656
157,0.24329843512581054,0.0525617162207656
158,0.2146902005272933,0.05253916316069668
159,0.2030489977495472,0.04884954314806224
160,0.1905015716808497,0.04884954314806224
161,0.1804518610056495,0.04884954314806224
162,0.17313002198812186,0.04884954314806224
163,0.15712976655959654,0.04884954314806224
164,0.14672408687135893,0.04042046079844709
165,0.14360177026071494,0.04042046079844709
166,0.126554167431515,0.04042046079844709
167,0.1198025468174079,0.02653573696567162
168,0.11862310457888689,0.022575563435140188
169,0.11899419515613398,0.016942681637169988
170,0.11548786371247417,0.016942681637169988
171,0.11312841579288505,0.014215522339844891
172,0.11281819719231798,0.009742753092946334
173,0.11072653155400523,0.009428116464550638
174,0.11332881395227005,0.00830688785309062
175,0.11821139658476237,0.00830688785309062
176,0.12242301623446923,0.00830688785309062
177,0.12008689650884684,0.006220939335039616
178,0.11825268438239078,0.006220939335039616
179,0.11396137492764884,0.005964199463894046
180,0.10620016437733688,0.005964199463894046
181,0.09664346387053553,0.0038412643181640264
182,0.09315255605510782,0.0038412643181640264
183,0.0885816252405088,0.0038412643181640264
184,0.07734791723046636,0.002581531146161398
185,0.06780321942108189,0.002581531146161398
186,0.0671674921028574,0.002581531146161398
187,0.06524714972788731,0.002581531146161398
188,0.06100516008582529,0.002458949291941215
189,0.059568214967842745,0.001574393419262646
190,0.05465525638061246,0.001574393419262646
191,0.04942175195949398,0.0011281819604168043
192,0.046601332490920105,0.0011281819604168043
193,0.04295262674989714,0.0011281819604168043
194,0.039367526870108416,0.0009469926332959862
195,0.03927113550002509,0.0009469926332959862
196,0.038691600994609665,0.0009469926332959862
197,0.03542665293652042,0.0008494239250835364
198,0.03221413825919431,0.0008494239250835364
199,0.02986958271660408,0.00048097260731722876
200,0.028053145838141967,0.0003538660064338674
201,0.027172759925826347,0.00029316298797313887
202,0.027496824447019817,0.0002564658190506266
203,0.0260690629575481,0.0002564658190506266
204,0.0236853080172996,0.00023753252794434443
205,0.022504789777477635,0.00023753252794434443
206,0.020268384819227853,0.0001491547128277366
207,0.01869117143895292,0.00012858426307423964
208,0.016391440984173323,5.5410902143706845e-05
209,0.014943249770662985,5.5410902143706845e-05
210,0.013892903445493475,5.5410902143706845e-05
211,0.01262256311492019,4.203138586243895e-05
212,0.012008294169082723,4.203138586243895e-05
213,0.01172315278818594,4.203138586243895e-05
214,0.010563169871127988,2.830629808848359e-05
215,0.010117809512452055,2.830629808848359e-05
216,0.009113639814737121,2.604142482094605e-05
217,0.008081228907986352,2.604142482094605e-05
218,0.0072404517580362746,1.976497144964741e-05
219,0.006765165802991425,1.976497144964741e-05
220,0.006611671793077732,1.976497144964741e-05
221,0.006239865636526369,8.46885088824742e-06
222,0.0062129511025688375,8.46885088824742e-06
223,0.006148432616127517,8.46885088824742e-06
224,0.0060359247828033254,8.46885088824742e-06
225,0.0059063166897613175,8.46885088824742e-06
226,0.005462427971171184,7.744613899619542e-06
227,0.005122652199876868,7.744613899619542e-06
228,0.004855409061772265,7.744613899619542e-06
229,0.00450247240245663,6.4998684749802975e-06
230,0.004165575765090216,6.4998684749802975e-06
231,0.004014010674190177,6.4998684749802975e-06
232,0.003877620464300558,4.150519363945682e-06
233,0.003697180998345571,4.150519363945682e-06
234,0.003598377232050178,4.150519363945682e-06
235,0.0035928312664949232,4.150519363945682e-06
236,0.00369297198397614,4.150519363945682e-06
237,0.0032819114913025236,3.058686230899394e-06
238,0.0029981749573419515,3.058686230899394e-06
239,0.00293072333815835,1.9889178582066632e-06
240,0.0025429168716075657,1.645645909190708e-06
241,0.0022225567770731555,1.645645909190708e-06
242,0.002117344503348326,1.43425344519859e-06
243,0.002032718313936923,1.1318912274232066e-06
244,0.0018959771506090182,8.574674457632698e-07
245,0.00194855788748047,7.050727860205262e-07
246,0.0019204021530885057,5.778631518507568e-07
247,0.0018826946605604307,5.778631518507568e-07
248,0.0016993667862829057,5.778631518507568e-07
249,0.0015285003190326186,5.778631518507568e-07
250,0.0014560825001931799,5.778631518507568e-07
251,0.0013083185019660143,2.8585580902493536e-07
252,0.0011863728234892046,2.8585580902493536e-07
253,0.0010889473113586611,2.8585580902493536e-07
254,0.0009780210197678752,2.588728732510653e-07
255,0.0009094837046605455,2.588728732510653e-07
256,0.0009030047516111064,2.1345940607266963e-07
257,0.0008671567469435656,1.8455717336982064e-07
258,0.0008710704379070042,1.8455717336982064e-07
259,0.0008375274587623596,1.8090472598914758e-07
260,0.0007546915932495701,1.227150853806519e-07
261,0.000698157979258184,1.227150853806519e-07
262,0.0006586973528423659,1.1657195703007742e-07
263,0.0006468337841420911,8.768521511236586e-08
264,0.0006021460069103656,5.671052856090387e-08
265,0.0005433046754587111,5.671052856090387e-08
266,0.0005140338772100204,5.671052856090387e-08
267,0.0004554245221793332,1.6905725322926637e-08
268,0.0004336079600115457,1.2302397495839807e-08
269,0.0004309624896099745,1.2302397495839807e-08
270,0.00041621267006660654,1.2302397495839807e-08
271,0.00038717790803178035,1.2302397495839807e-08
272,0.0003533907426668193,1.2302397495839807e-08
273,0.000342781169680998,1.2302397495839807e-08
274,0.00031476701485365105,1.2302397495839807e-08
275,0.00029485754346154995,1.2302397495839807e-08
276,0.0002693401236764848,4.645095129556443e-09
277,0.0002409592060168277,4.645095129556443e-09
278,0.00023296529956234877,4.645095129556443e-09
279,0.00021429384608168172,3.201353291838185e-09
280,0.00019266247586906336,3.201353291838185e-09
281,0.0001793174001712486,3.201353291838185e-09
282,0.00016811856644965273,3.201353291838185e-09
283,0.00015020640281562827,3.201353291838185e-09
284,0.00013775304843022758,2.5793781824196948e-09
285,0.00012367247189931055,2.5793781824196948e-09
286,0.00011619751845350295,1.5521447105122617e-09
287,0.00010740766657023732,1.5521447105122617e-09
288,9.956418816353002e-05,1.5521447105122617e-09
289,9.419156396219307e-05,1.5521447105122617e-09
290,8.795484358496176e-05,5.302675006948735e-10
291,8.176657975956002e-05,5.302675006948735e-10
292,7.416648470162144e-05,5.302675006948735e-10
293,6.689032403463385e-05,5.302675006948735e-10
294,5.9135360831309055e-05,5.302675006948735e-10
295,5.992488031792759e-05,5.074879843727397e-10
296,5.638488267892817e-05,4.294809201610583e-10
297,5.1961743851784035e-05,3.001371862724228e-10
298,5.047808291907874e-05,2.794508881444904e-10
299,4.841078775276859e-05,1.3727223283786358e-10
300,4.559328387097361e-05,1.3727223283786358e-10
301,4.08475671997727e-05,1.3727223283786358e-10
302,3.697601078832973e-05,1.273552417015725e-10
303,3.499870129401876e-05,1.273552417015725e-10
304,3.116738856378764e-05,6.337623238226926e-11
305,2.9330309895490304e-05,6.082269332882482e-11
306,2.8334499249219443e-05,6.082269332882482e-11
307,2.6354042929919736e-05,5.008917111373971e-11
308,2.364929348776386e-05,5.008917111373971e-11
309,2.1611210878261732e-05,4.8896966925174063e-11
310,1.950181054681906e-05,9.874082169232028e-12
311,1.831544875160519e-05,9.874082169232028e-12
312,1.7186894143743267e-05,9.874082169232028e-12
313,1.628093358671049e-05,9.874082169232028e-12
314,1.585283425817182e-05,9.874082169232028e-12
315,1.600518664496081e-05,9.874082169232028e-12
316,1.584577860100564e-05,9.874082169232028e-12
317,1.5047601607689428e-05,8.049911341458098e-12
318,1.3734267945612056e-05,6.811261231402603e-12
319,1.247015177674863e-05,6.811261231402603e-12
320,1.221456094466061e-05,6.811261231402603e-12
321,1.1150263956571434e-05,6.811261231402603e-12
322,1.0431943070767814e-05,6.017518420828754e-12
323,9.551957602352019e-06,6.017518420828754e-12
324,8.942173364616732e-06,6.017518420828754e-12
325,8.325783293898662e-06,5.133066856142598e-12
326,7.850608440983046e-06,3.8743508820299855e-12
327,7.581964354244812e-06,3.582603168557982e-12
328,6.977524167145033e-06,2.641998262712751e-12
329,6.611652183588322e-06,1.1359580055253492e-12
330,6.214009197497709e-06,1.1359580055253492e-12
331,5.903467298954496e-06,1.1359580055253492e-12
332,5.333898816405182e-06,1.1359580055253492e-12
333,4.950848554094459e-06,5.945074980777928e-13
334,4.855822700524989e-06,5.945074980777928e-13
335,4.635475918751419e-06,5.945074980777928e-13
336,4.340660253069118e-06,5.945074980777928e-13
337,4.110734849926716e-06,5.945074980777928e-13
338,3.7555528714112586e-06,5.746442830456341e-13
339,3.3975667114401254e-06,3.2454574999043263e-13
340,3.1065481241495766e-06,2.796716610809573e-13
341,2.8613181293925384e-06,2.796716610809573e-13
342,2.4590432398700417e-06,2.796716610809573e-13
343,2.2629090182242273e-06,2.796716610809573e-13
344,2.066051195750553e-06,8.844934750959221e-14
345,1.905170206221551e-06,8.844934750959221e-14
346,1.7179843275321081e-06,8.844934750959221e-14
347,1.6207741942863158e-06,8.844934750959221e-14
348,1.5366861202843516e-06,3.0847084782087465e-14
349,1.3818074523423154e-06,3.0847084782087465e-14
350,1.2464600789066258e-06,3.0847084782087465e-14
351,1.156396525137124e-06,3.0847084782087465e-14
352,1.1383996405953127e-06,3.0847084782087465e-14
353,1.0899542043899668e-06,2.87787511359678e-14
354,9.600385892098717e-07,2.0487498200272216e-14
355,8.821287267595085e-07,1.4815607928467796e-14
356,7.98912014721752e-07,1.4815607928467796e-14
357,7.556458701353696e-07,1.4815607928467796e-14
358,7.052164647559771e-07,1.4815607928467796e-14
359,6.361924279363974e-07,1.2234049943408083e-14
360,6.214653948857104e-07,1.2234049943408083e-14
361,5.995541884583209e-07,1.2234049943408083e-14
362,5.744459257161186e-07,1.2234049943408083e-14
363,5.078161336654232e-07,6.256819686906967e-15
364,4.730263307020224e-07,6.256819686906967e-15
365,4.5812202570445185e-07,6.256819686906967e-15
366,4.6894678159434057e-07,5.290862793116787e-15
367,4.472087679355261e-07,5.290862793116787e-15
368,4.0845375749537097e-07,5.290862793116787e-15
369,3.674730577974321e-07,5.0054641024175076e-15
370,3.4164814724834587e-07,2.158699162894655e-15
371,3.170191891494481e-07,2.158699162894655e-15
372,2.896713285798458e-07,2.158699162894655e-15
373,2.669597530499554e-07,1.632262681908404e-15
374,2.4754746218050984e-07,1.5109210677633666e-15
375,2.253353423408019e-07,1.057985777781762e-15
376,2.0371993532299794e-07,8.429660476071352e-16
377,1.8776230348869073e-07,7.394013333781571e-16
378,1.735502438173677e-07,4.2171880750325415e-16
379,1.6566624736020366e-07,4.2171880750325415e-16
380,1.550035752975389e-07,4.2171880750325415e-16
381,1.5278391868842274e-07,4.2171880750325415e-16
382,1.4535506742140646e-07,2.80846725737111e-16
383,1.340179770216188e-07,2.80846725737111e-16
384,1.2639764683510914e-07,2.5963273519309406e-16
385,1.1900625959784382e-07,8.948223077441321e-17
386,1.1082014455808167e-07,8.948223077441321e-17
387,1.0579147695791385e-07,8.948223077441321e-17
388,9.710082643043346e-08,8.948223077441321e-17
389,9.085131389367909e-08,8.948223077441321e-17
390,8.527698368961826e-08,8.948223077441321e-17
391,8.071970150680464e-08,8.948223077441321e-17
392,7.680120439842553e-08,8.948223077441321e-17
393,7.175003612809224e-08,6.91150667718227e-17
394,6.582927548391995e-08,2.2997014290925848e-17
395,5.860734867305326e-08,2.2997014290925848e-17
396,5.582452047921088e-08,2.2997014290925848e-17
397,5.329184820786504e-08,2.2997014290925848e-17
398,5.0556243759836015e-08,2.2997014290925848e-17
399,4.905792949918068e-08,2.2997014290925848e-17
400,4.5996976788067255e-08,2.2997014290925848e-17
401,4.209782966643258e-08,2.2997014290925848e-17
402,3.7702967590402e-08,1.9257074004791858e-17
403,3.3279097872704436e-08,1.463986479849169e-17
404,3.063686104378725e-08,1.2096061863942201e-17
405,2.7626858090720604e-08,9.840461716605134e-18
406,2.398862794578731e-08,6.917853349970432e-18
407,2.1890058075950673e-08,6.917853349970432e-18
408,1.9503959626926933e-08,6.6922246257480884e-18
409,1.787978151471967e-08,2.849834970022672e-18
410,1.663463376135383e-08,2.849834970022672e-18
411,1.5356824536235955e-08,2.849834970022672e-18
412,1.4029761345777766e-08,2.696833778404432e-18
413,1.3112673574678398e-08,2.696833778404432e-18
414,1.287775663827655e-08,1.950276379190384e-18
415,1.1936836198023517e-08,1.950276379190384e-18
416,1.087395364481733e-08,1.340773548805861e-18
417,1.0763586386229034e-08,1.340773548805861e-18
418,1.052471049442234e-08,7.830099458945245e-19
419,1.050119818865858e-08,7.830099458945245e-19
420,9.760834791593373e-09,7.830099458945245e-19
421,9.639835079692748e-09,7.830099458945245e-19
422,9.311731458988658e-09,7.830099458945245e-19
423,8.493542513423219e-09,6.626898613631002e-19
424,8.055478898578065e-09,4.932889794873571e-19
425,7.509758492530099e-09,4.0239433199885567e-19
426,7.079821337009289e-09,4.0239433199885567e-19
427,6.8479686384611194e-09,4.0239433199885567e-19
428,6.639569505440504e-09,4.0239433199885567e-19
429,6.354573349312444e-09,4.0239433199885567e-19
430,6.051510384117078e-09,4.0239433199885567e-19
431,5.7193096731432025e-09,4.0239433199885567e-19
432,5.234164981337054e-09,2.494886304304555e-19
433,5.062327217528646e-09,2.494886304304555e-19
434,4.6692009826810795e-09,2.0633966720537875e-19
435,4.630526286866005e-09,2.0633966720537875e-19
436,4.5350856459128805e-09,1.1635039368352542e-19
437,4.423673117838106e-09,1.1635039368352542e-19
438,4.09269323400434e-09,1.1635039368352542e-19
439,3.77700323352359e-09,1.1635039368352542e-19
440,3.6574973766735996e-09,1.1635039368352542e-19
441,3.3107969645398016e-09,1.078828890252319e-19
442,2.9194093449421356e-09,8.058707119751034e-20
443,2.878898026682536e-09,8.058707119751034e-20
444,2.6696370419652847e-09,8.058707119751034e-20
445,2.4676626528502197e-09,5.4771520638489e-20
446,2.3186542091286235e-09,5.4771520638489e-20
447,2.2217802198967194e-09,5.4771520638489e-20
448,2.0146612132269817e-09,3.624140302364444e-20
449,1.7558356145102191e-09,3.624140302364444e-20
450,1.6492104766178682e-09,1.3551209088635766e-20
451,1.58761180872863e-09,1.3551209088635766e-20
452,1.5607392354888252e-09,1.3551209088635766e-20
453,1.4703442182922475e-09,7.983188947950411e-21
454,1.341694501281014e-09,7.983188947950411e-21
455,1.2723789723076756e-09,7.983188947950411e-21
456,1.167417790075131e-09,7.983188947950411e-21
457,1.1014463142426165e-09,4.19725386492176e-21
458,1.0294882719973354e-09,4.19725386492176e-21
459,9.557245821120057e-10,4.19725386492176e-21
460,8.771958014446502e-10,2.7917475834073108e-21
461,7.813475818576355e-10,2.7917475834073108e-21
462,6.999280228986206e-10,2.7917475834073108e-21
463,6.573458673942955e-10,2.7917475834073108e-21
464,6.063478178221036e-10,2.465739286432671e-21
465,5.514399508929303e-10,2.465739286432671e-21
466,5.143683126170396e-10,2.465739286432671e-21
467,4.780778362242218e-10,1.7918130527000475e-21
468,4.4523919277407066e-10,1.3455085828146263e-21
469,4.3510994244976234e-10,8.6502870424891e-22
470,4.270807226524498e-10,8.6502870424891e-22
471,4.168628506543379e-10,8.102512938605174e-22
472,3.8902710913542276e-10,8.102512938605174e-22
473,3.438175800719057e-10,8.102512938605174e-22
474,3.3701325637191227e-10,6.962289649509509e-22
475,3.386583187670979e-10,4.424407281783092e-22
476,3.325947632008165e-10,4.424407281783092e-22
477,3.025966633080838e-10,4.23701282391478e-22
478,2.7778143239721637e-10,1.2025742843756413e-22
479,2.534832847189907e-10,1.2025742843756413e-22
480,2.397605788118241e-10,1.2025742843756413e-22
481,2.2814499507796585e-10,1.2025742843756413e-22
482,2.1187692430058133e-10,1.2025742843756413e-22
483,1.9568917569682387e-10,9.314690787069901e-23
484,1.7365059600029256e-10,9.314690787069901e-23
485,1.59137214561408e-10,9.314690787069901e-23
486,1.5227153018351203e-10,8.36126541983334e-23
487,1.4054623823154503e-10,5.124963443423635e-23
488,1.3574171457506548e-10,5.124963443423635e-23
489,1.1613877123690638e-10,5.124963443423635e-23
490,1.02331970490854e-10,1.7867693957936437e-23
491,9.365981924326417e-11,1.7867693957936437e-23
492,8.850030596723702e-11,1.7867693957936437e-23
493,8.690956259158066e-11,1.7867693957936437e-23
494,8.542710870805804e-11,1.7867693957936437e-23
495,8.568615706604023e-11,1.7867693957936437e-23
496,7.43153881916336e-11,1.7867693957936437e-23
497,6.886413113680552e-11,1.7867693957936437e-23
498,6.396043470075155e-11,1.1409005574516303e-23
499,6.34663079486112e-11,1.1409005574516303e-23
500,6.544833393294266e-11,1.1409005574516303e-23
501,6.194500538749845e-11,5.23207764521658e-24
502,5.725918395131776e-11,5.23207764521658e-24
503,5.27411296215074e-11,5.23207764521658e-24
504,4.98758381390102e-11,5.030291029765905e-24
505,4.6252269753550694e-11,5.030291029765905e-24
506,4.062480675071761e-11,3.79712620908099e-24
507,3.775338567234939e-11,3.79712620908099e-24
508,3.624822935905525e-11,3.79712620908099e-24
509,3.4844881800260956e-11,2.8174244520223745e-24
510,3.3089753592781e-11,2.8174244520223745e-24
511,3.116797392263585e-11,1.8781861028590824e-24
512,2.8493715177641782e-11,1.8781861028590824e-24
513,2.5901412979940447e-11,1.8781861028590824e-24
514,2.408799697515505e-11,1.5322176019851726e-24
515,2.2749983082584916e-11,1.4844516110166802e-24
516,2.054319283781173e-11,1.1168611125172824e-24
517,1.789082153744327e-11,5.197016260282454e-25
518,1.679477954811973e-11,5.197016260282454e-25
519,1.5397792853316407e-11,5.197016260282454e-25
520,1.3513064189807324e-11,5.197016260282454e-25
521,1.2699939357873767e-11,5.197016260282454e-25
522,1.221194510440678e-11,5.197016260282454e-25
523,1.1927279922083082e-11,5.197016260282454e-25
524,1.1713090665302448e-11,5.197016260282454e-25
525,1.1431918561676676e-11,1.9716659069885177e-25
526,1.0983057756194316e-11,7.220536534741658e-26
527,1.032332731388038e-11,7.220536534741658e-26
528,9.16832050210115e-12,7.220536534741658e-26
529,9.25098508095572e-12,7.220536534741658e-26
530,9.399647897669265e-12,7.220536534741658e-26
531,9.209045059968212e-12,7.220536534741658e-26
532,8.402963198437101e-12,7.220536534741658e-26
533,7.267788773538579e-12,7.220536534741658e-26
534,6.504163323479946e-12,7.220536534741658e-26
535,6.16009196557433e-12,7.220536534741658e-26
536,5.79985987997892e-12,6.543596911796345e-26
537,5.401842826755766e-12,4.2785642994286796e-26
538,5.246258023151267e-12,4.2785642994286796e-26
539,5.164304047900576e-12,4.2785642994286796e-26
540,5.0112574917883975e-12,4.2785642994286796e-26
541,4.7260873527447034e-12,4.2785642994286796e-26
542,4.417616926157299e-12,3.510873200325953e-26
543,4.019918895389214e-12,3.510873200325953e-26
544,3.641616014102434e-12,3.510873200325953e-26
545,3.4524905467973524e-12,2.6461958025553663e-26
546,3.2871325180155323e-12,1.9583106088842438e-26
547,2.9920289809229096e-12,1.9583106088842438e-26
548,2.7409628472801915e-12,1.9583106088842438e-26
549,2.5672655612502582e-12,1.6830811107432434e-26
550,2.208786633144644e-12,1.6830811107432434e-26
551,2.106688314385732e-12,1.6830811107432434e-26
552,1.929774599592192e-12,1.2113812000854415e-26
553,1.8849832103710202e-12,7.08086601791993e-27
554,1.864230340857708e-12,7.08086601791993e-27
555,1.8915050333223015e-12,5.2037690068134954e-27
556,1.8548895911827395e-12,4.088996457482936e-27
557,1.7754822954921023e-12,2.3764005222180936e-27
558,1.6675421886787671e-12,2.3764005222180936e-27
559,1.6017039802641366e-12,2.3764005222180936e-27
560,1.562265216727226e-12,2.3764005222180936e-27
561,1.50246920285485e-12,1.659377407677849e-27
562,1.3935646102574376e-12,1.1323631730495977e-27
563,1.3522004285338627e-12,1.1323631730495977e-27
564,1.3432260140595188e-12,1.1323631730495977e-27
565,1.2192974461847056e-12,1.1323631730495977e-27
566,1.1331693527243496e-12,1.1323631730495977e-27
567,1.0315802594704115e-12,5.935658439336676e-28
568,9.693044369290728e-13,5.935658439336676e-28
569,9.71300262043006e-13,5.935658439336676e-28
570,9.26255385532571e-13,5.845647482287586e-28
571,8.131186446560174e-13,4.7579873639519255e-28
572,7.10280953008799e-13,4.7579873639519255e-28
573,6.265969953719337e-13,4.7579873639519255e-28
574,5.63666125063251e-13,3.543827020057913e-28
575,5.13545770834463e-13,2.064917505497947e-28
576,4.737266597253642e-13,2.064917505497947e-28
577,4.275427984571475e-13,2.064917505497947e-28
578,4.0026526373078453e-13,1.1020633100877394e-28
579,3.7973241863924905e-13,7.390664321441358e-29
580,3.8593292463635075e-13,7.390664321441358e-29
581,3.8704878879669236e-13,6.583835635829797e-29
582,3.9778849918852527e-13,6.583835635829797e-29
583,4.0563701655318714e-13,6.583835635829797e-29
584,4.1794198135053906e-13,6.583835635829797e-29
585,3.897138957080863e-13,6.583835635829797e-29
586,3.8943746192973203e-13,6.583835635829797e-29
587,3.933427639003499e-13,6.583835635829797e-29
588,3.9125822034234673e-13,6.583835635829797e-29
589,3.624119856528766e-13,6.583835635829797e-29
590,3.5050805477521984e-13,6.583835635829797e-29
591,3.187561177625762e-13,6.0865484607965e-29
592,3.2067121039794547e-13,3.6133482086954356e-29
593,3.267834703979374e-13,3.6133482086954356e-29
594,3.101383177086989e-13,3.6133482086954356e-29
595,2.7627730407530024e-13,3.6133482086954356e-29
596,2.5321070182811443e-13,3.6133482086954356e-29
597,2.488780191805104e-13,3.6133482086954356e-29
598,2.2344286749601468e-13,3.4796744147564995e-29
599,1.9188883561508877e-13,3.446399753257913e-29
600,1.8405712220607725e-13,2.2973789290645362e-29
601,1.9968389301535064e-13,1.3281222441380344e-29
602,2.005950702984101e-13,1.3281222441380344e-29
603,2.1031168367232327e-13,1.3281222441380344e-29
604,2.1803315875298814e-13,1.3281222441380344e-29
605,2.2671090809627762e-13,1.3281222441380344e-29
606,2.422800749560045e-13,1.3281222441380344e-29
607,2.4440183020814557e-13,1.3281222441380344e-29
608,2.4294784724636785e-13,1.3281222441380344e-29
609,2.3898345025075465e-13,1.3281222441380344e-29
610,2.3673535791327675e-13,1.3281222441380344e-29
611,2.411579542822135e-13,1.3281222441380344e-29
612,2.3869610689364977e-13,1.3281222441380344e-29
613,2.2654305929944455e-13,1.3281222441380344e-29
614,2.0417910969503926e-13,1.3281222441380344e-29
615,1.8993913392260014e-13,1.3281222441380344e-29
616,1.8339301611646427e-13,7.027778386159911e-30
617,1.7381096377657444e-13,7.027778386159911e-30
618,1.7596035489458688e-13,7.027778386159911e-30
619,1.7662254607794278e-13,7.027778386159911e-30
620,1.6070732516462934e-13,7.027778386159911e-30
621,1.5310105934968534e-13,7.027778386159911e-30
622,1.5962772260438589e-13,7.027778386159911e-30
623,1.5926510401202116e-13,7.027778386159911e-30
624,1.493693488371012e-13,7.027778386159911e-30
625,1.389705560630084e-13,7.027778386159911e-30
626,1.4064869700247913e-13,6.574054739617663e-30
627,1.3130910419148879e-13,6.488805783081894e-30
628,1.2852507055667435e-13,3.138647953500084e-30
629,1.2994565279752852e-13,3.138647953500084e-30
630,1.2661838799531882e-13,3.138647953500084e-30
631,1.1554877030043807e-13,3.138647953500084e-30
632,1.114549474054751e-13,3.138647953500084e-30
633,1.0497262040054084e-13,3.138647953500084e-30
634,1.0713715418835993e-13,3.138647953500084e-30
635,9.710368731857131e-14,3.138647953500084e-30
636,9.133488343217947e-14,3.138647953500084e-30
637,9.787678592515832e-14,3.138647953500084e-30
638,1.016237625478444e-13,2.3399373964674448e-30
639,1.0415892681369744e-13,2.3399373964674448e-30
640,9.569447926599384e-14,2.3375980461159958e-30
641,8.45937829839547e-14,1.9517025977178615e-30
642,8.228880363098495e-14,1.4943642245465704e-30
643,8.530960636852264e-14,1.4943642245465704e-30
644,8.728232883095404e-14,1.4943642245465704e-30
645,9.231806196221961e-14,9.73134143439237e-31
646,1.0270388392036592e-13,9.73134143439237e-31
647,1.161024552004354e-13,9.73134143439237e-31
648,1.3570720730670542e-13,9.73134143439237e-31
649,1.5264275306831805e-13,9.73134143439237e-31
650,1.7022374422489908e-13,9.73134143439237e-31
651,1.7506817554278716e-13,9.73134143439237e-31
652,1.6648534814610563e-13,9.73134143439237e-31
653,1.4797131238563978e-13,9.73134143439237e-31
654,1.3958463189627875e-13,9.73134143439237e-31
655,1.232757822346706e-13,9.73134143439237e-31
656,1.1324970930960196e-13,9.73134143439237e-31
657,1.0859833931698349e-13,9.73134143439237e-31
658,1.0280546646765769e-13,9.73134143439237e-31
659,1.0235077971857945e-13,9.73134143439237e-31
660,9.492974561679967e-14,9.73134143439237e-31
661,9.338514794817006e-14,9.73134143439237e-31
662,9.054528431770448e-14,9.73134143439237e-31
663,8.672565041269614e-14,9.73134143439237e-31
664,8.347000096232818e-14,9.73134143439237e-31
665,7.873341357793393e-14,9.73134143439237e-31
666,7.488298025618749e-14,9.73134143439237e-31
667,7.543582842181598e-14,8.440484110984183e-31
668,7.108545333191588e-14,8.440484110984183e-31
669,6.816481442875605e-14,8.440484110984183e-31
670,6.569218105467259e-14,8.440484110984183e-31
671,6.581910591920074e-14,6.83607401387366e-31
672,6.683191986150826e-14,5.854682912758545e-31
673,6.654691784110571e-14,4.944266478343688e-31
674,6.556774087950756e-14,4.944266478343688e-31
675,6.068469743568863e-14,4.3875677696676016e-31
676,5.368431654941454e-14,1.720132848543571e-31
677,4.9254583485540675e-14,1.720132848543571e-31
678,4.453558214789654e-14,1.720132848543571e-31
679,4.1300968421472397e-14,1.720132848543571e-31
680,3.6661533701067566e-14,1.720132848543571e-31
681,3.59904552195563e-14,1.7072847071699743e-31
682,3.745068286673854e-14,1.5976636941608075e-31
683,3.7926243742620514e-14,1.5415400109384228e-31
684,3.957057446803375e-14,1.5415400109384228e-31
685,3.913774777547712e-14,1.5415400109384228e-31
686,4.338992220923745e-14,1.5415400109384228e-31
687,4.3598851457746565e-14,1.5415400109384228e-31
688,4.334516966011275e-14,1.5415400109384228e-31
689,4.333246027040109e-14,1.0205982581338734e-31
690,4.323422966938706e-14,1.0205982581338734e-31
691,4.125064299564123e-14,1.0205982581338734e-31
692,4.2624435921439654e-14,1.0205982581338734e-31
693,4.317589056275845e-14,1.0205982581338734e-31
694,4.355768131779745e-14,1.0205982581338734e-31
695,4.2033060551368293e-14,1.0205982581338734e-31
696,3.96667250356498e-14,1.0205982581338734e-31
697,3.924474631642632e-14,1.0205982581338734e-31
698,3.9928842831656187e-14,1.0205982581338734e-31
699,3.949031120825717e-14,1.0205982581338734e-31
700,4.124590267567853e-14,1.0205982581338734e-31
701,4.3285407232651664e-14,1.0205982581338734e-31
702,4.062597295468071e-14,1.0205982581338734e-31
703,4.003782441762359e-14,1.0205982581338734e-31
704,3.9067157102487526e-14,1.0205982581338734e-31
705,4.058393956268809e-14,1.0205982581338734e-31
706,4.403217743465172e-14,1.0205982581338734e-31
707,4.320656049139926e-14,1.0205982581338734e-31
708,4.267543467062963e-14,1.0205982581338734e-31
709,4.313753477776778e-14,1.0205982581338734e-31
710,4.12364321478951e-14,4.957815383742127e-32
711,3.863172717881447e-14,4.957815383742127e-32
712,3.645439965683009e-14,4.957815383742127e-32
713,3.562514489104252e-14,4.957815383742127e-32
714,3.552090230030059e-14,4.957815383742127e-32
715,3.4966327257055066e-14,4.957815383742127e-32
716,3.422054268665462e-14,4.957815383742127e-32
717,3.367962405301132e-14,4.957815383742127e-32
718,3.128983731365183e-14,4.957815383742127e-32
719,3.038916568894598e-14,4.957815383742127e-32
720,2.985313697505535e-14,4.957815383742127e-32
721,2.7745233427082e-14,4.957815383742127e-32
722,2.6411111290310087e-14,3.905062950468477e-32
723,2.5289106887156185e-14,3.1128716639793536e-32
724,2.525960380058604e-14,3.1128716639793536e-32
725,2.602554512172208e-14,3.1128716639793536e-32
726,2.6474462357321657e-14,3.1128716639793536e-32
727,2.6075301753221152e-14,3.1128716639793536e-32
728,2.551852996969534e-14,3.1128716639793536e-32
729,2.521306039636527e-14,3.1128716639793536e-32
730,2.3532974672943008e-14,1.8695078885475802e-32
731,2.11923934771019e-14,1.8241184006613983e-32
732,2.0012672569487374e-14,1.8241184006613983e-32
733,1.8772416650055546e-14,1.8241184006613983e-32
734,1.754083357318334e-14,1.8241184006613983e-32
735,1.68035272354759e-14,1.5997882402200302e-32
736,1.6853495476629987e-14,1.5997882402200302e-32
737,1.587595867839769e-14,1.5997882402200302e-32
738,1.5381944751083398e-14,1.5997882402200302e-32
739,1.4772188937698514e-14,4.862258585328965e-33
740,1.4527272468976632e-14,2.100540977413423e-33
741,1.5463034521586807e-14,2.100540977413423e-33
742,1.5338054220862472e-14,2.100540977413423e-33
743,1.5238894839784897e-14,2.100540977413423e-33
744,1.4387819923984818e-14,2.100540977413423e-33
745,1.435626212065963e-14,2.100540977413423e-33
746,1.3679739884902704e-14,2.100540977413423e-33
747,1.344098706054126e-14,2.0552654542006474e-33
748,1.440817541313791e-14,2.0552654542006474e-33
749,1.534886393546444e-14,2.0552654542006474e-33
750,1.544462271955383e-14,2.0552654542006474e-33
751,1.6869845382103486e-14,2.0552654542006474e-33
752,1.6876519698124138e-14,2.0552654542006474e-33
753,1.6320198665009275e-14,2.0552654542006474e-33
754,1.5223613148296753e-14,2.0552654542006474e-33
755,1.4173988073058058e-14,2.0552654542006474e-33
756,1.4108636474550672e-14,2.0552654542006474e-33
757,1.4236307754917688e-14,2.0552654542006474e-33
758,1.36220332660337e-14,2.0552654542006474e-33
759,1.3605044117149192e-14,2.0552654542006474e-33
760,1.2924285288376532e-14,2.0552654542006474e-33
761,1.2133487722701053e-14,2.0552654542006474e-33
762,1.1205460161610045e-14,1.5502579657722895e-33
763,1.0591240797933205e-14,1.5502579657722895e-33
764,1.0649405106641424e-14,1.5502579657722895e-33
765,1.0789674157232478e-14,1.5502579657722895e-33
766,1.0491872818576425e-14,1.5502579657722895e-33
767,1.0340893891931987e-14,1.5502579657722895e-33
768,1.0239679539067783e-14,1.5502579657722895e-33
769,9.786352199060592e-15,1.5502579657722895e-33
770,9.364938805837884e-15,1.3099058044324957e-33
771,9.309693680772822e-15,1.2973381480554069e-33
772,9.546232615862358e-15,1.2973381480554069e-33
773,1.025474180787075e-14,1.2973381480554069e-33
774,1.0504579257538986e-14,1.2973381480554069e-33
775,1.041754800138573e-14,1.2973381480554069e-33
776,1.0065096133779377e-14,1.2973381480554069e-33
777,1.0014381138388797e-14,1.2973381480554069e-33
778,1.0315255837726739e-14,1.2973381480554069e-33
779,1.07702536375482e-14,1.2973381480554069e-33
780,9.668665211988987e-15,1.2973381480554069e-33
781,8.780515073721179e-15,1.2973381480554069e-33
782,8.118175908930806e-15,1.2973381480554069e-33
783,7.182261738878848e-15,1.2973381480554069e-33
784,6.486374821698241e-15,1.2973381480554069e-33
785,5.950630080863741e-15,6.17627301235052e-34
786,5.43814296182984e-15,5.966471705572995e-34
787,4.951147611205687e-15,4.796974226023195e-34
788,4.473685994170462e-15,4.796974226023195e-34
789,4.521491753155825e-15,2.5457389735929462e-34
790,4.1406864384396636e-15,2.5457389735929462e-34
791,3.856915031597085e-15,2.5457389735929462e-34
792,3.516791827488685e-15,2.0167319334764026e-34
793,3.154122218512324e-15,1.3810534227121754e-34
794,2.935041169219631e-15,1.3445624014871936e-34
795,2.6401432532861683e-15,1.3445624014871936e-34
796,2.6688891336368302e-15,5.714047845817502e-35
797,2.9343739655704214e-15,5.714047845817502e-35
798,3.182152552189403e-15,5.714047845817502e-35
799,3.560591615513146e-15,5.714047845817502e-35
800,4.308436110900601e-15,5.714047845817502e-35
801,4.893354599667447e-15,5.714047845817502e-35
802,5.578374784199744e-15,5.714047845817502e-35
803,6.386353170532471e-15,5.714047845817502e-35
804,7.0677106366496925e-15,5.714047845817502e-35
805,7.418545988951834e-15,5.714047845817502e-35
806,6.903054375741982e-15,5.714047845817502e-35
807,6.483029002229552e-15,5.714047845817502e-35
808,5.84821654404464e-15,5.714047845817502e-35
809,5.1532188811850205e-15,5.714047845817502e-35
810,4.597439222974712e-15,5.714047845817502e-35
811,4.460077677980764e-15,5.714047845817502e-35
812,4.321588207034226e-15,5.714047845817502e-35
813,3.853781559624642e-15,5.714047845817502e-35
814,4.0556857550136475e-15,5.714047845817502e-35
815,3.9292160663794435e-15,5.714047845817502e-35
816,3.9658557645235e-15,5.714047845817502e-35
817,4.2599723889455415e-15,5.714047845817502e-35
818,4.715349403032978e-15,5.714047845817502e-35
819,5.199524760207955e-15,5.714047845817502e-35
820,5.392816189292143e-15,5.714047845817502e-35
821,5.5534697578192705e-15,5.714047845817502e-35
822,5.7674393378779585e-15,5.714047845817502e-35
823,5.667977430349441e-15,5.714047845817502e-35
824,5.288471106283801e-15,5.714047845817502e-35
825,5.357689631759992e-15,5.714047845817502e-35
826,5.141213729512103e-15,5.714047845817502e-35
827,4.977420656967609e-15,5.714047845817502e-35
828,4.626308541623186e-15,5.714047845817502e-35
829,4.434649779974269e-15,5.714047845817502e-35
830,4.0014269713144866e-15,5.714047845817502e-35
831,3.748408542242778e-15,5.714047845817502e-35
832,3.458388381276508e-15,5.714047845817502e-35
833,3.272892754919892e-15,5.714047845817502e-35
834,3.1321321261574706e-15,5.714047845817502e-35
835,2.991174461319303e-15,5.714047845817502e-35
836,2.690926114646666e-15,2.8385933313691957e-35
837,2.514069387026067e-15,2.8385933313691957e-35
838,2.3643614521599763e-15,2.8385933313691957e-35
839,2.0599984412566982e-15,6.467770346409972e-36
840,1.891867360049446e-15,6.467770346409972e-36
841,1.7507647721635646e-15,6.467770346409972e-36
842,1.8320867859755353e-15,6.467770346409972e-36
843,1.985826660293542e-15,6.467770346409972e-36
844,2.0321199858441612e-15,6.467770346409972e-36
845,2.3152943941646316e-15,6.467770346409972e-36
846,2.307281331951126e-15,6.467770346409972e-36
847,2.288701385470362e-15,6.467770346409972e-36
848,2.301997987271627e-15,6.467770346409972e-36
849,2.509678748142938e-15,6.467770346409972e-36
850,2.5797884434096666e-15,6.467770346409972e-36
851,2.495577594848045e-15,6.467770346409972e-36
852,2.3737027626920882e-15,6.467770346409972e-36
853,2.3560234737553658e-15,6.467770346409972e-36
854,2.3755250605528837e-15,6.467770346409972e-36
855,2.617236365277773e-15,6.467770346409972e-36
856,2.6158197302901454e-15,6.467770346409972e-36
857,2.455879367008235e-15,6.467770346409972e-36
858,2.2902573780694534e-15,6.467770346409972e-36
859,2.0273798566181587e-15,6.467770346409972e-36
860,1.8827627759575755e-15,6.467770346409972e-36
861,1.7642343654091546e-15,6.467770346409972e-36
862,1.6913173582362856e-15,6.467770346409972e-36
863,1.5863793048265578e-15,6.421439800056724e-36
864,1.4883299153949589e-15,6.421439800056724e-36
865,1.4316408952231295e-15,6.421439800056724e-36
866,1.3307635060616657e-15,6.421439800056724e-36
867,1.2830335284019619e-15,6.421439800056724e-36
868,1.1633456950679578e-15,4.143359413789303e-36
869,1.0883983416383761e-15,3.511937865875115e-36
870,1.0809619332753416e-15,3.511937865875115e-36
871,1.1198184760877266e-15,1.9313292016732583e-36
872,1.1460003130847487e-15,1.1616551457017317e-36
873,1.194281887396054e-15,1.1616551457017317e-36
874,1.1650402874519653e-15,1.1616551457017317e-36
875,1.1530051864596558e-15,1.1616551457017317e-36
876,1.236045161898256e-15,1.1616551457017317e-36
877,1.2718975374289373e-15,1.1616551457017317e-36
878,1.2694345151471391e-15,1.1616551457017317e-36
879,1.2055383066614357e-15,1.1616551457017317e-36
880,1.1902336664961776e-15,1.1616551457017317e-36
881,1.2028609290913048e-15,1.1616551457017317e-36
882,1.1308662906043156e-15,1.1616551457017317e-36
883,1.0110504188561527e-15,1.1616551457017317e-36
884,9.871943195453875e-16,1.1616551457017317e-36
885,1.0178808027252432e-15,1.1616551457017317e-36
886,9.981177729776402e-16,1.1616551457017317e-36
887,9.291175423366473e-16,1.1616551457017317e-36
888,8.579795313258255e-16,1.1616551457017317e-36
889,8.92348246762372e-16,1.1616551457017317e-36
890,8.751752326868807e-16,1.1616551457017317e-36
891,8.677455292004529e-16,1.1616551457017317e-36
892,8.264139292422147e-16,1.1616551457017317e-36
893,7.842362644295855e-16,5.240987748726556e-37
894,6.884057135381179e-16,5.240987748726556e-37
895,6.497145388410969e-16,5.240987748726556e-37
896,6.010826703326077e-16,5.240987748726556e-37
897,5.996788966202856e-16,5.240987748726556e-37
898,6.782827819913861e-16,5.240987748726556e-37
899,7.307729659668804e-16,5.240987748726556e-37
900,7.554728485694269e-16,5.240987748726556e-37
901,7.199601266865188e-16,5.240987748726556e-37
902,7.304326490901766e-16,5.240987748726556e-37
903,7.350921756628849e-16,5.240987748726556e-37
904,6.748913553490334e-16,5.240987748726556e-37
905,6.730497136082622e-16,5.240987748726556e-37
906,6.411832912456701e-16,5.240987748726556e-37
907,5.826413859399661e-16,5.240987748726556e-37
908,5.390435495709541e-16,5.240987748726556e-37
909,5.154490020613159e-16,5.240987748726556e-37
910,5.126934427836427e-16,4.6455278885155664e-37
911,5.076852779481649e-16,1.8241994454886754e-37
912,5.015008074252229e-16,1.8241994454886754e-37
913,4.785211726466012e-16,1.8241994454886754e-37
914,4.928690966073629e-16,1.7882965709349753e-37
915,4.824351026185538e-16,1.7882965709349753e-37
916,4.667000028824616e-16,1.7882965709349753e-37
917,4.3506125296203685e-16,1.7882965709349753e-37
918,4.2583417033561333e-16,1.7882965709349753e-37
919,3.7725675395415605e-16,1.7882965709349753e-37
920,3.304622472462062e-16,1.7882965709349753e-37
921,2.9003020250543226e-16,1.2035900021595211e-37
922,2.7856743581305273e-16,1.2035900021595211e-37
923,2.722838052401581e-16,9.88513388523377e-38
924,2.72126762278637e-16,9.88513388523377e-38
925,2.499565107167483e-16,9.88513388523377e-38
926,2.3036489180302543e-16,5.139828130656304e-38
927,2.1815383605527733e-16,5.139828130656304e-38
928,2.1055467366582328e-16,5.139828130656304e-38
929,2.024701624729102e-16,5.139828130656304e-38
930,1.8747337884443617e-16,3.268078219953924e-38
931,1.828308296315433e-16,3.268078219953924e-38
932,1.8971097850688798e-16,3.268078219953924e-38
933,1.784242237059058e-16,2.3884996974933374e-38
934,1.6736881877397256e-16,2.3884996974933374e-38
935,1.6782528362193836e-16,2.3884996974933374e-38
936,2.068629319746626e-16,2.3884996974933374e-38
937,2.299461725453562e-16,2.3884996974933374e-38
938,2.427457452706593e-16,2.3884996974933374e-38
939,2.61721112853202e-16,2.3884996974933374e-38
940,3.0558851729254247e-16,2.3884996974933374e-38
941,3.447028815497738e-16,2.3884996974933374e-38
942,3.6157061290330067e-16,2.3884996974933374e-38
943,3.5232426637896643e-16,2.3884996974933374e-38
944,3.550140918712123e-16,2.3884996974933374e-38
945,3.7831736937194665e-16,2.3884996974933374e-38
946,4.1403458331811355e-16,2.3884996974933374e-38
947,4.3495633277170716e-16,2.3884996974933374e-38
948,4.815872032436187e-16,2.3884996974933374e-38
949,4.827614319280427e-16,2.3884996974933374e-38
950,4.723703178574532e-16,2.3884996974933374e-38
951,4.493415845989432e-16,2.3884996974933374e-38
952,4.4150452771458333e-16,2.3884996974933374e-38
953,4.254173624415514e-16,2.3884996974933374e-38
954,3.8621974030877376e-16,2.3884996974933374e-38
955,3.4975634505104083e-16,2.3884996974933374e-38
956,3.29192440226387e-16,2.3884996974933374e-38
957,3.0473696507753773e-16,2.3884996974933374e-38
958,2.7764180254847386e-16,2.3884996974933374e-38
959,2.7610878062803045e-16,2.3884996974933374e-38
960,2.8354527906746233e-16,2.3884996974933374e-38
961,2.8952571397418774e-16,2.3884996974933374e-38
962,3.036537999094239e-16,2.3884996974933374e-38
963,3.0411638300034096e-16,2.3884996974933374e-38
964,2.976838567855579e-16,2.3884996974933374e-38
965,2.9553221655225816e-16,2.3884996974933374e-38
966,2.8812088527986125e-16,2.3884996974933374e-38
967,2.6667110991638207e-16,2.3884996974933374e-38
968,2.559845027852281e-16,1.855266445868317e-38
969,2.3576162163080896e-16,1.855266445868317e-38
970,2.2053287426318548e-16,1.855266445868317e-38
971,2.0422643314387603e-16,1.855266445868317e-38
972,2.0004216203123508e-16,1.855266445868317e-38
973,2.0474033477484698e-16,1.855266445868317e-38
974,2.1556023328022695e-16,1.855266445868317e-38
975,2.0788169489903897e-16,1.855266445868317e-38
976,2.003006226980217e-16,1.8538254510649115e-38
977,2.1775921960579596e-16,1.4675547218349952e-38
978,2.355874134592647e-16,1.4675547218349952e-38
979,2.3524786842222653e-16,1.3723477342396764e-38
980,2.485632262829032e-16,1.3723477342396764e-38
981,2.4881618329928074e-16,1.3723477342396764e-38
982,2.4687241506761624e-16,1.3723477342396764e-38
983,2.380185991193182e-16,1.3723477342396764e-38
984,2.2039714038915548e-16,1.3723477342396764e-38
985,1.981258160771881e-16,1.3723477342396764e-38
986,1.889514458304712e-16,1.3723477342396764e-38
987,1.7865721846634804e-16,1.3723477342396764e-38
988,1.6268332069837862e-16,1.3723477342396764e-38
989,1.6733486168159725e-16,9.083331913267958e-39
990,1.7397279275299298e-16,9.083331913267958e-39
991,1.731652262680395e-16,9.083331913267958e-39
992,1.6752697404233278e-16,6.677917569793306e-39
993,1.5876063850987495e-16,6.677917569793306e-39
994,1.6021577769445524e-16,6.677917569793306e-39
995,1.5872392634362381e-16,6.677917569793306e-39
996,1.5285467640668368e-16,6.677917569793306e-39
997,1.3964579346860812e-16,6.677917569793306e-39
998,1.2831651683530631e-16,3.7789680191404947e-39
999,1.1724746053801746e-16,3.7789680191404947e-39
1000,1.0978016859777458e-16,3.7789680191404947e-39
