iter,sigma,best_value
1,0.9870259984877442,84554051.6377742
2,1.031038876326212,83508739.13861689
3,1.1184743131334727,83306630.45789805
4,1.2651661499803675,82282024.32266605
5,1.4391022537850868,81873729.62722866
6,1.6494852736044958,80877040.2991097
7,1.9218621551939274,80397577.15290451
8,2.2580565752611492,78711245.48577541
9,2.648124270552982,77738359.0712465
10,3.2248432526692166,75559788.68085113
11,3.859054374742462,74524458.60158835
12,4.7761685876090105,70594514.57094122
13,5.921030059025132,67787810.44278605
14,7.301763828526701,63664049.15879713
15,8.92399333712391,60489901.644243136
16,10.855342065633609,54852525.06178569
17,13.35426311280047,51402226.56637311
18,16.359530276315407,45051116.62242015
19,20.151164124271205,35116941.26465026
20,24.093350590603567,29835437.151185427
21,29.992902330730352,16908173.52745911
22,37.7600243856451,10700903.975805197
23,47.05905570572059,4039245.8592423713
24,57.62448003596842,772186.2567874545
25,68.88804896837603,458880.23924996075
26,79.99501145864761,458880.23924996075
27,90.57832981280353,458880.23924996075
28,102.45517710275456,458880.23924996075
29,112.08004911758037,458880.23924996075
30,124.35930471759875,458880.23924996075
31,136.78317514793306,458880.23924996075
32,145.052245167711,458880.23924996075
33,148.43080334005586,458880.23924996075
34,158.53918229261498,458880.23924996075
35,167.99362958792491,458880.23924996075
36,175.2377877546989,458880.23924996075
37,187.8178983032392,458880.23924996075
38,194.27734608524747,458880.23924996075
39,198.51939649097,458880.23924996075
40,201.5138872817235,458880.23924996075
41,207.48836919598577,458880.23924996075
42,218.6778679977916,458880.23924996075
43,231.69892406326088,458880.23924996075
44,240.16374761459568,458880.23924996075
45,240.99877020892205,458880.23924996075
46,243.53632983760332,458880.23924996075
47,252.12316526578732,458880.23924996075
48,264.05404497650164,458880.23924996075
49,278.66753801280777,458880.23924996075
50,295.563164012525,458880.23924996075
51,317.34742088607845,458880.23924996075
52,339.2786337321682,458880.23924996075
53,363.4273196345476,458880.23924996075
54,378.7518318552214,458880.23924996075
55,401.11557979805946,458880.23924996075
56,422.77057298628637,458880.23924996075
57,449.0557491606888,458880.23924996075
58,474.52203820564944,458880.23924996075
59,497.5565096360477,458880.23924996075
60,523.378323079357,458880.23924996075
61,544.3877863178662,458880.23924996075
62,570.390111478083,458880.23924996075
63,603.932330909288,458880.23924996075
64,645.7950729318181,458880.23924996075
65,695.0096255261501,458880.23924996075
66,749.033267688295,458880.23924996075
67,836.563129893082,458880.23924996075
68,933.0215716084859,458880.23924996075
69,1043.9609686367075,458880.23924996075
70,1154.474198443644,458880.23924996075
71,1246.7960089244748,458880.23924996075
72,1337.084051880982,458880.23924996075
73,1437.3300426346805,458880.23924996075
74,1508.9184744681015,458880.23924996075
75,1585.1091566817304,458880.23924996075
76,1694.97779809525,458880.23924996075
77,1807.9532239378111,458880.23924996075
78,1898.9484767826523,458880.23924996075
79,2051.136050487541,458880.23924996075
80,2168.085345856091,458880.23924996075
81,2238.9362046696774,458880.23924996075
82,2272.0987660474448,458880.23924996075
83,2278.114138883993,458880.23924996075
84,2328.227887971207,458880.23924996075
85,2398.60044367422,458880.23924996075
86,2524.4124943451507,458880.23924996075
87,2685.694915927647,458880.23924996075
88,2826.387301517862,458880.23924996075
89,2994.318442289715,458880.23924996075
90,3214.7170688944884,458880.23924996075
91,3480.1525742557455,458880.23924996075
92,3793.867870535718,458880.23924996075
93,4106.813446570343,458880.23924996075
94,4330.260379398618,458880.23924996075
95,4498.927347547661,458880.23924996075
96,4754.717840130022,458880.23924996075
97,4820.508361285068,458880.23924996075
98,5022.034539188137,458880.23924996075
99,5169.372089174574,458880.23924996075
100,5267.832964594676,458880.23924996075
101,5394.687657837295,458880.23924996075
102,5579.8351553777275,458880.23924996075
103,5596.532934557292,458880.23924996075
104,5856.684657191522,458880.23924996075
105,6247.599531527448,458880.23924996075
106,6644.936826957394,458880.23924996075
107,7259.665104457868,458880.23924996075
108,7885.937845307634,458880.23924996075
109,8584.637674977315,458880.23924996075
110,9210.835229741486,458880.23924996075
111,9652.526963482778,458880.23924996075
112,10072.066418557211,458880.23924996075
113,10491.267012937513,458880.23924996075
114,10809.193494891904,458880.23924996075
115,10863.712870961417,458880.23924996075
116,11027.92834405646,458880.23924996075
117,11406.13181074297,458880.23924996075
118,11579.630383515081,458880.23924996075
119,11848.060652771512,458880.23924996075
120,12480.632188980244,458880.23924996075
121,13163.423056274205,458880.23924996075
122,13821.392389469334,458880.23924996075
123,14143.370712361184,458880.23924996075
124,14016.388214434724,458880.23924996075
125,13840.309912446111,458880.23924996075
126,14247.040939803062,458880.23924996075
127,14466.090314192063,458880.23924996075
128,14828.015483515437,458880.23924996075
129,15214.115026191364,458880.23924996075
130,15718.552975287794,458880.23924996075
131,15923.579873286279,458880.23924996075
132,16299.054532688859,458880.23924996075
133,16708.81117235777,458880.23924996075
134,17547.943380277153,458880.23924996075
135,18067.3086219284,458880.23924996075
136,18619.0675040207,458880.23924996075
137,19014.30219835571,458880.23924996075
138,19866.156824491394,458880.23924996075
139,20875.56262122808,458880.23924996075
140,22306.55984003609,458880.23924996075
141,23072.26669416522,458880.23924996075
142,24287.500187412148,458880.23924996075
143,24640.339686491105,458880.23924996075
144,25203.70490626877,458880.23924996075
145,26214.433956008972,458880.23924996075
146,27870.36810364965,458880.23924996075
147,28766.412233720184,458880.23924996075
148,28870.209988692975,458880.23924996075
149,29103.421708483445,458880.23924996075
150,29743.94128038001,458880.23924996075
151,30328.193066076044,458880.23924996075
152,31569.448939722628,458880.23924996075
153,32927.88213653752,458880.23924996075
154,34600.83968287776,458880.23924996075
155,36397.69557906661,458880.23924996075
156,39134.74786397372,458880.23924996075
157,42196.519321542626,458880.23924996075
158,44496.20685698634,458880.23924996075
159,45617.52551204905,458880.23924996075
160,46512.01888153581,458880.23924996075
161,47538.30828458369,458880.23924996075
162,49898.66423279158,458880.23924996075
163,52222.51308090263,458880.23924996075
164,52884.45914630037,458880.23924996075
165,54475.210003538814,458880.23924996075
166,57727.64808860161,458880.23924996075
167,60329.74382456173,458880.23924996075
168,60999.25685786235,458880.23924996075
169,62784.74820985072,458880.23924996075
170,63857.55626189136,458880.23924996075
171,64844.07011668579,458880.23924996075
172,65975.99057177886,458880.23924996075
173,67983.24373946853,458880.23924996075
174,72573.29829693047,458880.23924996075
175,73960.83075201481,458880.23924996075
176,75627.96205304858,458880.23924996075
177,76982.87313062487,458880.23924996075
178,79276.11123363448,458880.23924996075
179,82225.20686232283,458880.23924996075
180,85165.27468766671,458880.23924996075
181,88765.08385290284,458880.23924996075
182,92785.43721228506,458880.23924996075
183,95360.48645184413,458880.23924996075
184,97971.39111752204,458880.23924996075
185,101118.43742930256,458880.23924996075
186,105588.74045215918,458880.23924996075
187,111524.62332194747,458880.23924996075
188,116189.03408998775,458880.23924996075
189,117943.04352606555,458880.23924996075
190,115712.02269929327,458880.23924996075
191,115331.57275398202,458880.23924996075
192,115003.73761030033,458880.23924996075
193,114218.49024388645,458880.23924996075
194,115923.73926910835,458880.23924996075
195,119983.14553549714,458880.23924996075
196,124506.01839807552,458880.23924996075
197,132376.73740537625,458880.23924996075
198,135596.58442170703,458880.23924996075
199,141084.15495119448,458880.23924996075
200,145291.9180515968,458880.23924996075
201,152450.55334946825,458880.23924996075
202,162296.73427650426,458880.23924996075
203,167109.42280748032,458880.23924996075
204,177939.8540964849,458880.23924996075
205,182770.7720547847,458880.23924996075
206,188312.54932320322,458880.23924996075
207,202379.83765126966,458880.23924996075
208,213883.4273429342,458880.23924996075
209,225409.52279182707,458880.23924996075
210,231424.95378634328,458880.23924996075
211,242199.17460751798,458880.23924996075
212,253539.67145841004,458880.23924996075
213,259728.93597155547,458880.23924996075
214,264796.8022534255,458880.23924996075
215,270391.4497970545,458880.23924996075
216,279245.89663860464,458880.23924996075
217,284724.5450323307,458880.23924996075
218,285739.191490115,458880.23924996075
219,290759.92679988866,458880.23924996075
220,295107.43713393266,458880.23924996075
221,314965.4701736172,458880.23924996075
222,332197.53060548875,458880.23924996075
223,347974.1857586035,458880.23924996075
224,359006.901522305,458880.23924996075
225,363665.71147305676,458880.23924996075
226,364171.8025338726,458880.23924996075
227,360151.7703027012,458880.23924996075
228,367069.54810481734,458880.23924996075
229,380843.6031726116,458880.23924996075
230,399062.64560364705,458880.23924996075
231,430382.9664193481,458880.23924996075
232,464345.7360674923,458880.23924996075
233,514735.3320438926,458880.23924996075
234,552533.647133991,458880.23924996075
235,593402.0576454267,458880.23924996075
236,601805.3998518719,458880.23924996075
237,614545.7416681516,458880.23924996075
238,630914.1766859939,458880.23924996075
239,655983.9343285287,458880.23924996075
240,694360.3512338997,458880.23924996075
241,730606.5191163461,458880.23924996075
242,789342.9852722407,458880.23924996075
243,832963.1239484597,458880.23924996075
244,850104.5848379132,458880.23924996075
245,882057.5483915252,458880.23924996075
246,906294.6890731385,458880.23924996075
247,933991.3586415029,458880.23924996075
248,933504.6806720884,458880.23924996075
249,931547.5131619512,458880.23924996075
250,980258.416417865,458880.23924996075
251,1041882.3518739248,458880.23924996075
252,1111323.2242319873,458880.23924996075
253,1155992.1640330136,458880.23924996075
254,1204646.1785195102,458880.23924996075
255,1184575.203143897,458880.23924996075
256,1164034.0233262347,458880.23924996075
257,1196247.061829262,458880.23924996075
258,1231896.5596691447,458880.23924996075
259,1274394.2592987255,458880.23924996075
260,1323731.7395488075,458880.23924996075
261,1370747.9017766018,458880.23924996075
262,1390052.3951269984,458880.23924996075
263,1390144.5769802735,458880.23924996075
264,1412468.1137804906,458880.23924996075
265,1394798.3692263018,458880.23924996075
266,1379633.51081552,458880.23924996075
267,1364792.7077867035,458880.23924996075
268,1379309.492277197,458880.23924996075
269,1371559.04545334,458880.23924996075
270,1372216.5841307743,458880.23924996075
271,1373951.3355923272,458880.23924996075
272,1383732.7192777444,458880.23924996075
273,1348526.676298182,458880.23924996075
274,1339923.9413411429,458880.23924996075
275,1319329.8116704756,458880.23924996075
276,1299818.877060601,458880.23924996075
277,1313491.1498643411,458880.23924996075
278,1308769.045191998,458880.23924996075
279,1343068.1635340326,458880.23924996075
280,1347866.6662618234,458880.23924996075
281,1382515.1583749347,458880.23924996075
282,1413878.815670466,458880.23924996075
283,1413189.6060359052,458880.23924996075
284,1457650.977818615,458880.23924996075
285,1510809.8651769417,458880.23924996075
286,1531100.0593391873,458880.23924996075
287,1561791.0034854403,458880.23924996075
288,1581016.853064693,458880.23924996075
289,1639225.5366820516,458880.23924996075
290,1659748.3020845877,458880.23924996075
291,1706993.8238825928,458880.23924996075
292,1722093.0687365402,458880.23924996075
293,1731144.6544280672,458880.23924996075
294,1716354.6978439416,458880.23924996075
295,1720544.4954756442,458880.23924996075
296,1746964.103592888,458880.23924996075
297,1782921.4555091674,458880.23924996075
298,1794910.5809448864,458880.23924996075
299,1815639.4209644035,458880.23924996075
300,1789418.5434180396,458880.23924996075
301,1782050.3407124428,458880.23924996075
302,1796375.389454282,458880.23924996075
303,1794728.0132525878,458880.23924996075
304,1845439.7761320309,458880.23924996075
305,1911193.7940119582,458880.23924996075
306,1954131.8031656495,458880.23924996075
307,2025855.2366222686,458880.23924996075
308,2162429.6182266437,458880.23924996075
309,2305746.201127345,458880.23924996075
310,2407496.471127658,458880.23924996075
311,2513448.0310661704,458880.23924996075
312,2650922.9339647614,458880.23924996075
313,2738437.5063962657,458880.23924996075
314,2831537.54867152,458880.23924996075
315,2931919.4010404884,458880.23924996075
316,2973775.6230156003,458880.23924996075
317,2995765.4842535187,458880.23924996075
318,3069539.9095410127,458880.23924996075
319,3144320.780610298,458880.23924996075
320,3241355.09472892,458880.23924996075
321,3177400.32879398,458880.23924996075
322,3131661.2951958594,458880.23924996075
323,3095859.966287987,458880.23924996075
324,3085884.640368648,458880.23924996075
325,3166287.0085168136,458880.23924996075
326,3214687.0022855327,458880.23924996075
327,3337202.4580009743,458880.23924996075
328,3419385.792302571,458880.23924996075
329,3454300.042869068,458880.23924996075
330,3554643.6598111866,458880.23924996075
331,3584338.4315272877,458880.23924996075
332,3678858.756799948,458880.23924996075
333,3831585.7614666657,458880.23924996075
334,4010713.2705940832,458880.23924996075
335,4227350.800421626,458880.23924996075
336,4404869.8649278805,458880.23924996075
337,4557148.102577569,458880.23924996075
338,4564919.433347465,458880.23924996075
339,4527998.767260334,458880.23924996075
340,4594252.806546179,458880.23924996075
341,4724939.413494168,458880.23924996075
342,4955059.299930961,458880.23924996075
343,5018936.580922259,458880.23924996075
344,5238679.11516213,458880.23924996075
345,5302442.282049089,458880.23924996075
346,5318768.740920884,458880.23924996075
347,5401732.135212819,458880.23924996075
348,5444853.249450291,458880.23924996075
349,5549350.603579382,458880.23924996075
350,5721902.949864501,458880.23924996075
351,5716131.881876839,458880.23924996075
352,5862542.439536553,458880.23924996075
353,5765140.013761124,458880.23924996075
354,5684434.357363597,458880.23924996075
355,5693976.475783208,458880.23924996075
356,5771590.2995457165,458880.23924996075
357,5878552.407028058,458880.23924996075
358,6027918.335019562,458880.23924996075
359,6117094.845571391,458880.23924996075
360,6257828.320640858,458880.23924996075
361,6380553.9773614155,458880.23924996075
362,6377883.045269259,458880.23924996075
363,6284971.975087049,458880.23924996075
364,6330395.49871852,458880.23924996075
365,6514199.833909509,458880.23924996075
366,6614267.206292818,458880.23924996075
367,6449129.158547684,458880.23924996075
368,6285731.810682615,458880.23924996075
369,6216471.650843874,458880.23924996075
370,6307278.542391445,458880.23924996075
371,6414683.839602979,458880.23924996075
372,6537339.440045531,458880.23924996075
373,6476845.979719377,458880.23924996075
374,6613925.226835576,458880.23924996075
375,6877393.633379602,458880.23924996075
376,6913130.958076937,458880.23924996075
377,7021002.794081067,458880.23924996075
378,7149787.408471062,458880.23924996075
379,7303558.586461082,458880.23924996075
380,7736789.961818348,458880.23924996075
381,8113087.885714887,458880.23924996075
382,8362823.867829054,458880.23924996075
383,8612307.433955839,458880.23924996075
384,8659073.605492178,458880.23924996075
385,8611864.953535689,458880.23924996075
386,8783642.96473004,458880.23924996075
387,8987832.183818266,458880.23924996075
388,9130218.11218026,458880.23924996075
389,9216016.688393697,458880.23924996075
390,9406150.302778589,458880.23924996075
391,9703271.088949403,458880.23924996075
392,9760170.870965496,458880.23924996075
393,10037421.309219884,458880.23924996075
394,9860046.119176371,458880.23924996075
395,9566947.83466128,458880.23924996075
396,9532689.876150392,458880.23924996075
397,9579256.153965557,458880.23924996075
398,9857861.671628105,458880.23924996075
399,10143650.81355708,458880.23924996075
400,10287119.129310373,458880.23924996075
401,10296474.759290036,458880.23924996075
402,10558706.174852995,458880.23924996075
403,10847691.450843414,458880.23924996075
404,11098511.122234246,458880.23924996075
405,11639246.065880882,458880.23924996075
406,12061743.73090668,458880.23924996075
407,12691298.076091852,458880.23924996075
408,13292247.101336233,458880.23924996075
409,13594426.129338212,458880.23924996075
410,13849718.881058555,458880.23924996075
411,14165286.388202198,458880.23924996075
412,14627044.568134502,458880.23924996075
413,14928335.115262197,458880.23924996075
414,14723785.77096616,458880.23924996075
415,14512988.81810567,458880.23924996075
416,14393631.910753574,458880.23924996075
417,14346302.426100317,458880.23924996075
418,14574711.756626414,458880.23924996075
419,14774867.380398875,458880.23924996075
420,14681493.260653784,458880.23924996075
421,15253038.465117931,458880.23924996075
422,15942401.173297819,458880.23924996075
423,16555363.281072339,458880.23924996075
424,17019429.118314497,458880.23924996075
425,17520832.063913617,458880.23924996075
426,17711020.73915208,458880.23924996075
427,17774946.934737258,458880.23924996075
428,17565093.523476604,458880.23924996075
429,17325746.04382011,458880.23924996075
430,17116819.061840635,458880.23924996075
431,17686989.685380246,458880.23924996075
432,18613020.93503817,458880.23924996075
433,19651298.155379947,458880.23924996075
434,19855785.687991492,458880.23924996075
435,20050884.692724425,458880.23924996075
436,20382437.59433799,458880.23924996075
437,20468741.088157162,458880.23924996075
438,20149687.698020328,458880.23924996075
439,20093945.910342015,458880.23924996075
440,20404023.22703051,458880.23924996075
441,20483620.86324177,458880.23924996075
442,19943473.525394876,458880.23924996075
443,19614873.790484555,458880.23924996075
444,18957322.3177227,458880.23924996075
445,18499507.507366892,458880.23924996075
446,18233609.770146716,458880.23924996075
447,17920453.671614535,458880.23924996075
448,18089778.73271978,458880.23924996075
449,18434009.504222818,458880.23924996075
450,18525294.355275698,458880.23924996075
451,18608329.67485816,458880.23924996075
452,18561877.68253878,458880.23924996075
453,18445916.71153978,458880.23924996075
454,18472749.07392273,458880.23924996075
455,18161115.05941562,458880.23924996075
456,18198095.47722886,458880.23924996075
457,18607552.30863091,458880.23924996075
458,18592666.290875323,458880.23924996075
459,18605704.83413019,458880.23924996075
460,18616640.745040905,458880.23924996075
461,18568383.253056698,458880.23924996075
462,18630317.463636998,458880.23924996075
463,18687099.41140953,458880.23924996075
464,18678213.68982436,458880.23924996075
465,19294442.32027043,458880.23924996075
466,19405098.628812816,458880.23924996075
467,19068067.987001415,458880.23924996075
468,18267851.057639655,458880.23924996075
469,18101543.583499905,458880.23924996075
470,18273358.706549313,458880.23924996075
471,18669281.385421585,458880.23924996075
472,18315207.321304932,458880.23924996075
473,17708741.441752054,458880.23924996075
474,17431803.041469544,458880.23924996075
475,17436175.471941978,458880.23924996075
476,17818625.77651525,458880.23924996075
477,17657637.16805241,458880.23924996075
478,17579953.739025015,458880.23924996075
479,18172829.083116017,458880.23924996075
480,18753276.13090003,458880.23924996075
481,19019431.9346404,458880.23924996075
482,19291867.892378632,458880.23924996075
483,19753094.409472525,458880.23924996075
484,20408880.732115883,458880.23924996075
485,21234795.966398682,458880.23924996075
486,21689648.834454194,458880.23924996075
487,21577360.98610457,458880.23924996075
488,21317980.415231828,458880.23924996075
489,21503862.82349049,458880.23924996075
490,21525495.362168852,458880.23924996075
491,21061115.80875271,458880.23924996075
492,20750617.777918115,458880.23924996075
493,20181954.57968365,458880.23924996075
494,20475674.293091327,458880.23924996075
495,20969410.603258993,458880.23924996075
496,20409771.054605845,458880.23924996075
497,19996844.99541849,458880.23924996075
498,19700071.267047677,458880.23924996075
499,19206517.9041488,458880.23924996075
500,18905973.564049423,458880.23924996075
501,18360693.881943587,458880.23924996075
502,18053623.6552666,458880.23924996075
503,18003455.95335707,458880.23924996075
504,18111235.393332887,458880.23924996075
505,17933017.939280417,458880.23924996075
506,17291605.56734916,458880.23924996075
507,17045673.798340876,458880.23924996075
508,16878163.564299498,458880.23924996075
509,17112147.402423773,458880.23924996075
510,17143086.134105615,458880.23924996075
511,16721234.916573646,458880.23924996075
512,16347089.363691097,458880.23924996075
513,16448370.995986333,458880.23924996075
514,16499200.177290889,458880.23924996075
515,16390836.748350509,458880.23924996075
516,16318383.384537274,458880.23924996075
517,16795374.812939268,458880.23924996075
518,16744587.58633738,458880.23924996075
519,17096726.426408883,458880.23924996075
520,17253571.463049803,458880.23924996075
521,17389896.623242877,458880.23924996075
522,17372228.46913733,458880.23924996075
523,17133488.17147212,458880.23924996075
524,16698231.752216142,458880.23924996075
525,16481926.331662947,458880.23924996075
526,16734569.500871878,458880.23924996075
527,17557699.529404122,458880.23924996075
528,17903136.684273664,458880.23924996075
529,18101892.466577884,458880.23924996075
530,17851096.936677266,458880.23924996075
531,17644751.238282807,458880.23924996075
532,17308881.63371459,458880.23924996075
533,17600098.542041883,458880.23924996075
534,17491463.051778015,458880.23924996075
535,17660762.00674963,458880.23924996075
536,18060250.26423742,458880.23924996075
537,18818901.29687955,458880.23924996075
538,19455268.526149184,458880.23924996075
539,19569163.71310423,458880.23924996075
540,20094995.125934053,458880.23924996075
541,20506677.233069353,458880.23924996075
542,21249712.52057279,458880.23924996075
543,22079184.5771809,458880.23924996075
544,22267313.368925147,458880.23924996075
545,21863174.194107022,458880.23924996075
546,21700070.822094508,458880.23924996075
547,21490772.89148938,458880.23924996075
548,21575620.722998362,458880.23924996075
549,21872803.321495593,458880.23924996075
550,21776383.4831763,458880.23924996075
551,22225347.02431857,458880.23924996075
552,23010008.63484735,458880.23924996075
553,23554775.086312182,458880.23924996075
554,23490349.768407494,458880.23924996075
555,23908847.984463185,458880.23924996075
556,24335810.469224125,458880.23924996075
557,23482835.543963905,458880.23924996075
558,23127232.49652463,458880.23924996075
559,23262064.7456225,458880.23924996075
560,24099041.33642482,458880.23924996075
561,24591043.809531264,458880.23924996075
562,24273911.06007195,458880.23924996075
563,23844837.372614365,458880.23924996075
564,24262148.47773369,458880.23924996075
565,24201462.98406184,458880.23924996075
566,23477997.68414685,458880.23924996075
567,23050929.76788122,458880.23924996075
568,22626907.139783677,458880.23924996075
569,22567204.68328043,458880.23924996075
570,22362972.354224555,458880.23924996075
571,22374611.88392975,458880.23924996075
572,22543866.07804566,458880.23924996075
573,22591524.44574825,458880.23924996075
574,23174055.616984263,458880.23924996075
575,22974446.17568505,458880.23924996075
576,23004643.414757784,458880.23924996075
577,23559103.41510729,458880.23924996075
578,24147987.048710335,458880.23924996075
579,24374584.74499627,458880.23924996075
580,24564764.79384165,458880.23924996075
581,24964022.80391092,458880.23924996075
582,24725320.655843314,458880.23924996075
583,24650575.53861849,458880.23924996075
584,24325634.4783204,458880.23924996075
585,24104897.291428115,458880.23924996075
586,23328364.82013734,458880.23924996075
587,22533625.23761168,458880.23924996075
588,22403346.14820805,458880.23924996075
589,22544315.72845979,458880.23924996075
590,22616030.053587876,458880.23924996075
591,22810502.59167882,458880.23924996075
592,23554907.067036234,458880.23924996075
593,24771124.924206648,458880.23924996075
594,26191580.15528995,458880.23924996075
595,27668974.559992958,458880.23924996075
596,28537776.684846397,458880.23924996075
597,29465800.009374805,458880.23924996075
598,29691357.676652297,458880.23924996075
599,30814921.319220915,458880.23924996075
600,31155437.067240957,458880.23924996075
601,31384685.221558295,458880.23924996075
602,31728205.18461448,458880.23924996075
603,31506249.864444014,458880.23924996075
604,30863064.193357226,458880.23924996075
605,30228725.351497337,458880.23924996075
606,30975298.814441767,458880.23924996075
607,31908818.38062402,458880.23924996075
608,33316596.93688766,458880.23924996075
609,34550370.71151006,458880.23924996075
610,35620035.28835342,458880.23924996075
611,36612692.78833931,458880.23924996075
612,36541124.15309209,458880.23924996075
613,37396948.30853764,458880.23924996075
614,37972036.92659023,458880.23924996075
615,39509653.881112285,458880.23924996075
616,41443357.27763235,458880.23924996075
617,43332983.69965985,458880.23924996075
618,43911522.05720636,458880.23924996075
619,42712181.631481364,458880.23924996075
620,42499327.40535322,458880.23924996075
621,41871627.70320511,458880.23924996075
622,41598756.15460263,458880.23924996075
623,42034012.96982792,458880.23924996075
624,43427514.555345364,458880.23924996075
625,45176251.492993675,458880.23924996075
626,46135493.35595643,458880.23924996075
627,46965095.030930236,458880.23924996075
628,46497104.25318678,458880.23924996075
629,46910144.48420883,458880.23924996075
630,46790205.387359336,458880.23924996075
631,47919649.55290851,458880.23924996075
632,46933425.62618382,458880.23924996075
633,46819356.42377779,458880.23924996075
634,46168305.08750001,458880.23924996075
635,46027203.03044974,458880.23924996075
636,46605874.41368957,458880.23924996075
637,48091994.794109344,458880.23924996075
638,50001389.10403395,458880.23924996075
639,50551675.92936648,458880.23924996075
640,51001980.94998512,458880.23924996075
641,49909454.622569434,458880.23924996075
642,48408268.10747322,458880.23924996075
643,48071667.313297436,458880.23924996075
644,49237603.119837254,458880.23924996075
645,51199620.09975852,458880.23924996075
646,51729684.0368177,458880.23924996075
647,51483451.77605058,458880.23924996075
648,52676177.875090174,458880.23924996075
649,54958877.190773346,458880.23924996075
650,56441618.11758548,458880.23924996075
651,55569315.53484487,458880.23924996075
652,56220826.35820727,458880.23924996075
653,56782867.595906116,458880.23924996075
654,58509555.35790484,458880.23924996075
655,59250041.42416472,458880.23924996075
656,59887878.742073454,458880.23924996075
657,59859650.27430675,458880.23924996075
658,57891576.76613239,458880.23924996075
659,56130535.26155518,458880.23924996075
660,56109110.225021526,458880.23924996075
661,56442965.32125901,458880.23924996075
662,55452123.09996402,458880.23924996075
663,54072336.100339636,458880.23924996075
664,53962388.873204775,458880.23924996075
665,54756258.488564745,458880.23924996075
666,57041222.040464535,458880.23924996075
667,58021568.760228544,458880.23924996075
668,58715309.69327382,458880.23924996075
669,58234076.12608771,458880.23924996075
670,58870095.10385092,458880.23924996075
671,58795922.60435346,458880.23924996075
672,58245707.0380666,458880.23924996075
673,58965162.35599844,458880.23924996075
674,59272393.99203541,458880.23924996075
675,60524759.8599063,458880.23924996075
676,60162013.97574979,458880.23924996075
677,60549601.14638078,458880.23924996075
678,62379156.548610516,458880.23924996075
679,64466706.37727024,458880.23924996075
680,64398355.72820298,458880.23924996075
681,64188657.564245455,458880.23924996075
682,64254664.158678904,458880.23924996075
683,64059631.32068736,458880.23924996075
684,62927327.504918434,458880.23924996075
685,61484148.68869801,458880.23924996075
686,61087480.52012338,458880.23924996075
687,61719917.08523259,458880.23924996075
688,61007957.08775336,458880.23924996075
689,60550741.25083655,458880.23924996075
690,60658039.39401454,458880.23924996075
691,60795597.946370125,458880.23924996075
692,59739760.55980769,458880.23924996075
693,60239998.05084229,458880.23924996075
694,62330564.52546428,458880.23924996075
695,63865462.90016353,458880.23924996075
696,65035525.22718398,458880.23924996075
697,65899586.77503716,458880.23924996075
698,66527028.640616365,458880.23924996075
699,68295781.98774453,458880.23924996075
700,69967835.89933087,458880.23924996075
701,71419258.64634861,458880.23924996075
702,73080331.63785718,458880.23924996075
703,73527295.61800997,458880.23924996075
704,74915815.18499917,458880.23924996075
705,74641084.99332361,458880.23924996075
706,73658249.25935976,458880.23924996075
707,75757575.52497894,458880.23924996075
708,75344664.49904749,458880.23924996075
709,73734699.35139666,458880.23924996075
710,72873150.66995743,458880.23924996075
711,70401992.73784277,458880.23924996075
712,69878446.39646077,458880.23924996075
713,71228060.91951987,458880.23924996075
714,73673981.76400392,458880.23924996075
715,77824682.91155076,458880.23924996075
716,81922044.8229428,458880.23924996075
717,84112403.47948533,458880.23924996075
718,83257512.01057349,458880.23924996075
719,83101747.9348265,458880.23924996075
720,83155592.54719576,458880.23924996075
721,84597236.96637958,458880.23924996075
722,84509274.47620654,458880.23924996075
723,84710298.33100896,458880.23924996075
724,84727597.001164,458880.23924996075
725,82755414.57544416,458880.23924996075
726,83434465.19726652,458880.23924996075
727,83200046.50617146,458880.23924996075
728,85104272.95481078,458880.23924996075
729,86231839.83234604,458880.23924996075
730,87746227.24628764,458880.23924996075
731,89942359.88926338,458880.23924996075
732,91508451.14858265,458880.23924996075
733,93156167.48767468,458880.23924996075
734,93155699.31131807,458880.23924996075
735,93844738.36956567,458880.23924996075
736,96284788.25406626,458880.23924996075
737,98105526.23849523,458880.23924996075
738,97570788.80152744,458880.23924996075
739,98013568.26953721,458880.23924996075
740,96364337.94190955,458880.23924996075
741,97224947.63812836,458880.23924996075
742,98527782.06066394,458880.23924996075
743,98946721.12904803,458880.23924996075
744,98893089.16821758,458880.23924996075
745,100261991.627644,458880.23924996075
746,101699682.92159925,458880.23924996075
747,100100422.76601078,458880.23924996075
748,100579876.24782851,458880.23924996075
749,97841303.24382915,458880.23924996075
750,96100853.30367106,458880.23924996075
751,95893687.21154848,458880.23924996075
752,94210111.30823669,458880.23924996075
753,92256571.30296403,458880.23924996075
754,92283201.00217097,458880.23924996075
755,91788607.59441286,458880.23924996075
756,91924160.78279278,458880.23924996075
757,91900574.6813281,458880.23924996075
758,95507728.58377747,458880.23924996075
759,98262125.71553624,458880.23924996075
760,98715047.26972036,458880.23924996075
761,101617322.29547834,458880.23924996075
762,104128513.66259845,458880.23924996075
763,102676615.07231279,458880.23924996075
764,102651089.06734346,458880.23924996075
765,100139285.43058431,458880.23924996075
766,98664308.00652649,458880.23924996075
767,99359212.58278802,458880.23924996075
768,99757355.94112602,458880.23924996075
769,100865993.89439364,458880.23924996075
770,99775829.63788697,458880.23924996075
771,99455105.90350895,458880.23924996075
772,97164953.48740101,458880.23924996075
773,97185231.30534634,458880.23924996075
774,95565778.88787293,458880.23924996075
775,96619982.86704335,458880.23924996075
776,99160762.62200987,458880.23924996075
777,101117388.22854479,458880.23924996075
778,104046881.60207278,458880.23924996075
779,107103488.33928606,458880.23924996075
780,105226881.42065418,458880.23924996075
781,105395490.85927585,458880.23924996075
782,104335320.62593123,458880.23924996075
783,105203710.93936747,458880.23924996075
784,106991285.26102151,458880.23924996075
785,105318196.65637606,458880.23924996075
786,104633180.9666799,458880.23924996075
787,104774312.23672517,458880.23924996075
788,105909634.47564211,458880.23924996075
789,104210359.96392271,458880.23924996075
790,105624046.7309945,458880.23924996075
791,106428609.98569587,458880.23924996075
792,108018938.26243648,458880.23924996075
793,105391466.37702757,458880.23924996075
794,103790397.36124207,458880.23924996075
795,104105638.77895488,458880.23924996075
796,101826969.59946893,458880.23924996075
797,101632122.77874821,458880.23924996075
798,100890695.23328951,458880.23924996075
799,102971291.47337039,458880.23924996075
800,109017548.39155333,458880.23924996075
801,113537578.55325976,458880.23924996075
802,117351077.06748685,458880.23924996075
803,121357236.70003898,458880.23924996075
804,126039270.17121305,458880.23924996075
805,124457509.02810672,458880.23924996075
806,123282621.28217222,458880.23924996075
807,121558612.24252471,458880.23924996075
808,119642812.48870517,458880.23924996075
809,118439757.13150007,458880.23924996075
810,118418484.24346057,458880.23924996075
811,115409993.82951075,458880.23924996075
812,114608674.11169396,458880.23924996075
813,113209998.86588906,458880.23924996075
814,112580268.18126887,458880.23924996075
815,112730939.86161114,458880.23924996075
816,113966115.35811627,458880.23924996075
817,114067628.06706153,458880.23924996075
818,114095901.21902974,458880.23924996075
819,113662587.76412804,458880.23924996075
820,113818388.68765748,458880.23924996075
821,113404039.49473791,458880.23924996075
822,114008749.33534312,458880.23924996075
823,113221259.53195101,458880.23924996075
824,113664025.94571514,458880.23924996075
825,114819604.9993325,458880.23924996075
826,112023583.66451776,458880.23924996075
827,110272325.17981322,458880.23924996075
828,107745913.8145994,458880.23924996075
829,106586083.30349621,458880.23924996075
830,106931499.94643377,458880.23924996075
831,105521809.94209802,458880.23924996075
832,103024712.94248241,458880.23924996075
833,99739026.49567752,458880.23924996075
834,99445107.10197298,458880.23924996075
835,97500542.49956587,458880.23924996075
836,94450615.82047762,458880.23924996075
837,93860163.38484244,458880.23924996075
838,93081693.6564799,458880.23924996075
839,90743857.90368271,458880.23924996075
840,87234404.05210756,458880.23924996075
841,85475050.13267276,458880.23924996075
842,82545733.66314434,458880.23924996075
843,80970154.84092961,458880.23924996075
844,81797620.90431532,458880.23924996075
845,82857570.08771622,458880.23924996075
846,85182363.63429809,458880.23924996075
847,85714121.80786803,458880.23924996075
848,87850672.36788984,458880.23924996075
849,88753195.85706364,458880.23924996075
850,89812844.78913182,458880.23924996075
851,91109856.74557315,458880.23924996075
852,92353532.93730703,458880.23924996075
853,91678205.53723913,458880.23924996075
854,90976219.7440556,458880.23924996075
855,90265194.77414577,458880.23924996075
856,91680175.04898947,458880.23924996075
857,94295964.30953412,458880.23924996075
858,98240804.18514991,458880.23924996075
859,100195316.6921789,458880.23924996075
860,98765715.21311988,458880.23924996075
861,98455111.24292439,458880.23924996075
862,102991132.81432237,458880.23924996075
863,106049311.60713081,458880.23924996075
864,107571938.2196176,458880.23924996075
865,107203674.10145202,458880.23924996075
866,107468556.98057777,458880.23924996075
867,106517489.77437599,458880.23924996075
868,107640267.71436897,458880.23924996075
869,108093310.45991781,458880.23924996075
870,108138920.80042061,458880.23924996075
871,107361069.36935575,458880.23924996075
872,108361997.5423455,458880.23924996075
873,109996551.35734451,458880.23924996075
874,110448286.95065966,458880.23924996075
875,112357220.36949058,458880.23924996075
876,112430229.37100855,458880.23924996075
877,111101374.99459912,458880.23924996075
878,110436536.76873581,458880.23924996075
879,108449992.31574671,458880.23924996075
880,106022976.01227929,458880.23924996075
881,104735830.56854472,458880.23924996075
882,104302851.26747496,458880.23924996075
883,102812823.41050903,458880.23924996075
884,102385906.40500283,458880.23924996075
885,99640572.89748187,458880.23924996075
886,99163871.69079408,458880.23924996075
887,100046525.68215272,458880.23924996075
888,98137349.33284488,458880.23924996075
889,98457928.96687311,458880.23924996075
890,98009702.34517112,458880.23924996075
891,96223129.00405537,458880.23924996075
892,96537487.55822009,458880.23924996075
893,97685639.85985826,458880.23924996075
894,96215689.84397979,458880.23924996075
895,92324281.26877815,458880.23924996075
896,90543100.16172256,458880.23924996075
897,92092711.652978,458880.23924996075
898,95686020.86145225,458880.23924996075
899,99308080.71747665,458880.23924996075
900,100319458.16046596,458880.23924996075
901,99780887.82689327,458880.23924996075
902,101734962.08775909,458880.23924996075
903,103405745.43276194,458880.23924996075
904,100687551.45055959,458880.23924996075
905,99194805.414151,458880.23924996075
906,98895816.43549505,458880.23924996075
907,97388814.86140873,458880.23924996075
908,95722212.92704444,458880.23924996075
909,97624949.4884559,458880.23924996075
910,95993179.6487039,458880.23924996075
911,95984691.72811975,458880.23924996075
912,94370466.07821271,458880.23924996075
913,91831113.97957832,458880.23924996075
914,89505164.15987447,458880.23924996075
915,90193905.24240784,458880.23924996075
916,90018794.37079622,458880.23924996075
917,90009803.52118234,458880.23924996075
918,89487832.92519346,458880.23924996075
919,87410185.0256954,458880.23924996075
920,84726079.4950658,458880.23924996075
921,84258886.4148284,458880.23924996075
922,82871695.76545456,458880.23924996075
923,84547227.33809373,458880.23924996075
924,88783664.64927666,458880.23924996075
925,90719388.7439448,458880.23924996075
926,90565615.13839021,458880.23924996075
927,91219766.14233841,458880.23924996075
928,92210558.71692964,458880.23924996075
929,92675715.69223611,458880.23924996075
930,93195072.89797173,458880.23924996075
931,94293021.67480539,458880.23924996075
932,94468320.26512088,458880.23924996075
933,95293051.3456998,458880.23924996075
934,94756787.90653232,458880.23924996075
935,93023905.36044005,458880.23924996075
936,91923885.736372,458880.23924996075
937,92480321.15166052,458880.23924996075
938,90870195.16256356,458880.23924996075
939,90119037.37606014,458880.23924996075
940,87198310.99259713,458880.23924996075
941,85522071.21054482,458880.23924996075
942,86218027.17894888,458880.23924996075
943,85157765.05050659,458880.23924996075
944,85782708.23398969,458880.23924996075
945,85884507.99230455,458880.23924996075
946,84517418.1235752,458880.23924996075
947,83449132.77358484,458880.23924996075
948,83522999.38811119,458880.23924996075
949,85565332.55734745,458880.23924996075
950,85261480.87488411,458880.23924996075
951,86145582.04079278,458880.23924996075
952,86288752.72042996,458880.23924996075
953,86100885.64171663,458880.23924996075
954,84270439.35893601,458880.23924996075
955,81109638.04816172,458880.23924996075
956,79734558.19231078,458880.23924996075
957,80694202.28766781,458880.23924996075
958,79912697.35747856,458880.23924996075
959,81316451.96737047,458880.23924996075
960,80470971.38022834,458880.23924996075
961,80249888.12791477,458880.23924996075
962,82547932.72321221,458880.23924996075
963,86302471.0753027,458880.23924996075
964,90626186.09707397,458880.23924996075
965,92955808.09287558,458880.23924996075
966,93347993.32383527,458880.23924996075
967,90342490.44779211,458880.23924996075
968,87977134.21036197,458880.23924996075
969,86418369.00275268,458880.23924996075
970,84429784.01713918,458880.23924996075
971,83020461.61691333,458880.23924996075
972,82934798.63873425,458880.23924996075
973,81463960.1753578,458880.23924996075
974,78824874.1331589,458880.23924996075
975,77314924.59064151,458880.23924996075
976,75436027.81435645,458880.23924996075
977,72837309.67572245,458880.23924996075
978,71064485.93962894,458880.23924996075
979,70797457.71510784,458880.23924996075
980,69707654.93646888,458880.23924996075
981,70164500.7021632,458880.23924996075
982,72855195.39559951,458880.23924996075
983,73698476.75955585,458880.23924996075
984,74809407.29431663,458880.23924996075
985,75775834.54520638,458880.23924996075
986,76466510.86851664,458880.23924996075
987,76467328.42414574,458880.23924996075
988,74732282.637853,458880.23924996075
989,72156727.21933211,458880.23924996075
990,71188300.39140989,458880.23924996075
991,69006875.13168104,458880.23924996075
992,68342188.3999356,458880.23924996075
993,67140553.14764567,458880.23924996075
994,67612082.73462705,458880.23924996075
995,66039235.31340431,458880.23924996075
996,65995995.53182319,458880.23924996075
997,66208148.925888285,458880.23924996075
998,66026888.485716626,458880.23924996075
999,66636470.90962244,458880.23924996075
1000,66569141.748793915,458880.23924996075
1001,67125259.03328496,458880.23924996075
1002,69415543.40458657,458880.23924996075
1003,70932965.56807768,458880.23924996075
1004,70617720.04300931,458880.23924996075
1005,69447265.31076173,458880.23924996075
1006,67411493.0990814,458880.23924996075
1007,67998878.27113144,458880.23924996075
1008,68731409.3463055,458880.23924996075
1009,67833206.3593485,458880.23924996075
1010,66961402.075401045,458880.23924996075
1011,65471699.4869479,458880.23924996075
1012,64550738.74142603,458880.23924996075
1013,64403390.24044392,458880.23924996075
1014,66043244.03363288,458880.23924996075
1015,67102925.750460684,458880.23924996075
1016,66397522.02155072,458880.23924996075
1017,65641317.875248484,458880.23924996075
1018,64914246.85580522,458880.23924996075
1019,65155596.5325942,458880.23924996075
1020,65612736.73851021,458880.23924996075
1021,66398782.199074544,458880.23924996075
1022,66267485.621876545,458880.23924996075
1023,66995315.07595297,458880.23924996075
1024,67982390.05144303,458880.23924996075
1025,68254017.58274083,458880.23924996075
1026,68090565.9450775,458880.23924996075
1027,67848746.13253058,458880.23924996075
1028,66340236.03285254,458880.23924996075
1029,66437354.09625457,458880.23924996075
1030,66060908.42687973,458880.23924996075
1031,65294278.55797548,458880.23924996075
1032,66137018.80978896,458880.23924996075
1033,66684820.13223251,458880.23924996075
1034,68991075.13056335,458880.23924996075
1035,71672461.18412091,458880.23924996075
1036,72309475.04476184,458880.23924996075
1037,73726260.5538542,458880.23924996075
1038,73641401.85571694,458880.23924996075
1039,73975789.23337072,458880.23924996075
1040,71918647.29453555,458880.23924996075
1041,70325504.12112339,458880.23924996075
1042,68563523.50192767,458880.23924996075
1043,67951764.23513696,458880.23924996075
1044,67727263.86694828,458880.23924996075
1045,67028956.10558081,458880.23924996075
1046,67501641.90125225,458880.23924996075
1047,68940742.81527048,458880.23924996075
1048,69274913.48079269,458880.23924996075
1049,68379015.25450772,458880.23924996075
1050,69300481.96546182,458880.23924996075
1051,69177275.35088062,458880.23924996075
1052,67685651.31955795,458880.23924996075
1053,67197436.22297189,458880.23924996075
1054,66240999.490259506,458880.23924996075
1055,65414626.40915208,458880.23924996075
1056,64345584.2187768,458880.23924996075
1057,63598463.86001353,458880.23924996075
1058,65188992.791623235,458880.23924996075
1059,66198757.83134579,458880.23924996075
1060,67318660.13556124,458880.23924996075
1061,66016761.51584305,458880.23924996075
1062,66696847.47150628,458880.23924996075
1063,65485093.95684267,458880.23924996075
1064,65516711.99164934,458880.23924996075
1065,66543966.18783111,458880.23924996075
1066,67571662.65998633,458880.23924996075
1067,67395870.06201978,458880.23924996075
1068,67555762.7490232,458880.23924996075
1069,67847175.80948555,458880.23924996075
1070,67475896.12490048,458880.23924996075
1071,66880570.8984828,458880.23924996075
1072,66102006.39945994,458880.23924996075
1073,64515662.04444985,458880.23924996075
1074,63273448.33999257,458880.23924996075
1075,64846487.46552587,458880.23924996075
1076,65105594.69567699,458880.23924996075
1077,65520184.97144581,458880.23924996075
1078,65834345.36135777,458880.23924996075
1079,67077705.86520862,458880.23924996075
1080,66697426.18540659,458880.23924996075
1081,66922351.48983916,458880.23924996075
1082,65644885.941866025,458880.23924996075
1083,63390305.5793556,458880.23924996075
1084,62526812.48594426,458880.23924996075
1085,61703899.302934065,458880.23924996075
1086,62471076.66480923,458880.23924996075
1087,62410247.38292942,458880.23924996075
1088,63107725.74134843,458880.23924996075
1089,62152349.786214985,458880.23924996075
1090,61333401.22494028,458880.23924996075
1091,60506314.78017394,458880.23924996075
1092,60053988.09766928,458880.23924996075
1093,60888764.84710424,458880.23924996075
1094,61508907.0467993,458880.23924996075
1095,62103114.60632865,458880.23924996075
1096,63010855.187821984,458880.23924996075
1097,62799717.07904306,458880.23924996075
1098,62553204.19793319,458880.23924996075
1099,62874731.48246685,458880.23924996075
1100,63180562.39524902,458880.23924996075
1101,61360435.48473733,458880.23924996075
1102,59421473.79616775,458880.23924996075
1103,58394329.36906793,458880.23924996075
1104,57295465.25341511,458880.23924996075
1105,57904703.788273804,458880.23924996075
1106,57686369.61553053,458880.23924996075
1107,56580145.59819612,458880.23924996075
1108,56955759.54124326,458880.23924996075
1109,57565790.17270985,458880.23924996075
1110,58666557.6461216,458880.23924996075
1111,58632569.21101894,458880.23924996075
1112,56726295.35178772,458880.23924996075
1113,56895708.1833483,458880.23924996075
1114,57857975.30237554,458880.23924996075
1115,58557833.62914224,458880.23924996075
1116,58526748.01529989,458880.23924996075
1117,58307216.4272812,458880.23924996075
1118,57438841.879019655,458880.23924996075
1119,58612363.17343987,458880.23924996075
1120,59518697.86920012,458880.23924996075
1121,58439473.814663954,458880.23924996075
1122,58203886.797605604,458880.23924996075
1123,56420847.78821555,458880.23924996075
1124,53668748.06943593,458880.23924996075
1125,51804636.07144001,458880.23924996075
1126,49523650.56424493,458880.23924996075
1127,48165682.31565208,458880.23924996075
1128,48946342.59405151,458880.23924996075
1129,50425339.44728077,458880.23924996075
1130,51481202.446524635,458880.23924996075
1131,52902318.40428304,458880.23924996075
1132,52661926.790235184,458880.23924996075
1133,51827215.72246092,458880.23924996075
1134,51855495.90340368,458880.23924996075
1135,50305451.43237901,458880.23924996075
1136,49075340.994098924,458880.23924996075
1137,48959768.89446126,458880.23924996075
1138,48230007.67651832,458880.23924996075
1139,47357350.75748284,458880.23924996075
1140,47343307.263134226,458880.23924996075
1141,48389682.50133881,458880.23924996075
1142,47848249.913755275,458880.23924996075
1143,47889924.538427725,458880.23924996075
1144,48139886.91058072,458880.23924996075
1145,47918879.00373091,458880.23924996075
1146,47514892.36923843,458880.23924996075
1147,46206199.49273023,458880.23924996075
1148,46907288.87303921,458880.23924996075
1149,47206941.232230745,458880.23924996075
1150,47383972.90890465,458880.23924996075
1151,49125146.89388855,458880.23924996075
1152,49284269.32381213,458880.23924996075
1153,48842411.111532,458880.23924996075
1154,48329693.78854977,458880.23924996075
1155,48544977.71325895,458880.23924996075
1156,48512301.19674665,458880.23924996075
1157,47171925.41060667,458880.23924996075
1158,46353376.92881503,458880.23924996075
1159,45386368.35750654,458880.23924996075
1160,45105175.08029413,458880.23924996075
1161,43816990.632245585,458880.23924996075
1162,43221375.82854703,458880.23924996075
1163,42264694.53332752,458880.23924996075
1164,41345163.991523825,458880.23924996075
1165,40998162.19220521,458880.23924996075
1166,41207947.51696545,458880.23924996075
1167,41054660.58283628,458880.23924996075
1168,41601982.762841605,458880.23924996075
1169,41264902.97023961,458880.23924996075
1170,40341569.36136649,458880.23924996075
1171,40090816.94746388,458880.23924996075
1172,39354935.042729445,458880.23924996075
1173,38082275.13328056,458880.23924996075
1174,37034468.29545918,458880.23924996075
1175,36933730.57257278,458880.23924996075
1176,37115549.50561962,458880.23924996075
1177,36942023.36321748,458880.23924996075
1178,36609858.314088315,458880.23924996075
1179,36384095.10979194,458880.23924996075
1180,36212077.26291811,458880.23924996075
1181,36472463.12783461,458880.23924996075
1182,36160298.82621522,458880.23924996075
1183,35889542.4827783,458880.23924996075
1184,37459593.9439636,458880.23924996075
1185,39673786.436542355,458880.23924996075
1186,41896351.43283122,458880.23924996075
1187,44337134.07688786,458880.23924996075
1188,46089796.819895916,458880.23924996075
1189,46092050.59289605,458880.23924996075
1190,45870514.575983934,458880.23924996075
1191,45202209.35192095,458880.23924996075
1192,45186577.614297315,458880.23924996075
1193,43950135.3325934,458880.23924996075
1194,44253561.79458596,458880.23924996075
1195,45093652.32025984,458880.23924996075
1196,45682881.27244645,458880.23924996075
1197,45226448.96651886,458880.23924996075
1198,45477928.34752107,458880.23924996075
1199,44007449.73411745,458880.23924996075
1200,43544507.69287347,458880.23924996075
1201,43344571.92718168,458880.23924996075
1202,42181966.75642316,458880.23924996075
1203,40859213.312030956,458880.23924996075
1204,41169409.647212036,458880.23924996075
1205,40794091.197678365,458880.23924996075
1206,40038354.704021625,458880.23924996075
1207,39685078.871772505,458880.23924996075
1208,40370455.40590869,458880.23924996075
1209,42004403.134389855,458880.23924996075
1210,41691237.72617065,458880.23924996075
1211,41009552.56637527,458880.23924996075
1212,40837789.46675336,458880.23924996075
1213,40145291.7220532,458880.23924996075
1214,39601418.78323885,458880.23924996075
1215,38933040.14060848,458880.23924996075
1216,37631465.14950135,458880.23924996075
1217,36332165.588006586,458880.23924996075
1218,36407446.31978464,458880.23924996075
1219,36816034.32143956,458880.23924996075
1220,37240413.39379062,458880.23924996075
1221,36696316.589888334,458880.23924996075
1222,36405322.63272561,458880.23924996075
1223,35773419.59570589,458880.23924996075
1224,35325351.93892591,458880.23924996075
1225,35306394.39640384,458880.23924996075
1226,35079781.07924342,458880.23924996075
1227,34446002.99568378,458880.23924996075
1228,33919658.12114343,458880.23924996075
1229,33375309.321179386,458880.23924996075
1230,33065624.39779591,458880.23924996075
1231,32511364.971252177,458880.23924996075
1232,30894613.391200654,458880.23924996075
1233,30989524.14359481,458880.23924996075
1234,30555144.169592027,458880.23924996075
1235,30567937.24624292,458880.23924996075
1236,30422838.08720362,458880.23924996075
1237,29896957.50101426,458880.23924996075
1238,30017730.175521065,458880.23924996075
1239,29646280.196277592,458880.23924996075
1240,29613793.10712141,458880.23924996075
1241,28577441.463942688,458880.23924996075
1242,28229456.09630658,458880.23924996075
1243,27485923.10113339,458880.23924996075
1244,26708236.83341827,458880.23924996075
1245,25651383.03431803,458880.23924996075
1246,25188246.479836952,458880.23924996075
1247,25102273.77937678,458880.23924996075
1248,25071096.97145857,458880.23924996075
1249,24885942.916764494,458880.23924996075
1250,24760499.140763953,458880.23924996075
1251,24667947.021707956,458880.23924996075
1252,24265442.160287306,458880.23924996075
1253,24159600.890489914,458880.23924996075
1254,24276171.703441802,458880.23924996075
1255,24429335.372737844,458880.23924996075
1256,24732040.836635273,458880.23924996075
1257,25142110.359235834,458880.23924996075
1258,24950179.617492214,458880.23924996075
1259,24691457.539196037,458880.23924996075
1260,23846200.21642114,458880.23924996075
1261,23373758.37784291,458880.23924996075
1262,23294383.91128873,458880.23924996075
1263,23223736.918009005,458880.23924996075
1264,23080417.99573234,458880.23924996075
1265,22826307.464282904,458880.23924996075
1266,22574266.433000058,458880.23924996075
1267,22399813.473936364,458880.23924996075
1268,22031026.401121072,458880.23924996075
1269,21890713.76817394,458880.23924996075
1270,22071321.071224533,458880.23924996075
1271,22332479.18675896,458880.23924996075
1272,21885575.171931993,458880.23924996075
1273,21558564.186971087,458880.23924996075
1274,21223492.91791166,458880.23924996075
1275,20860540.398866657,458880.23924996075
1276,20455746.403640874,458880.23924996075
1277,20088222.871838413,458880.23924996075
1278,20583652.731101554,458880.23924996075
1279,20825509.014106166,458880.23924996075
1280,20749019.80098928,458880.23924996075
1281,20877500.856991153,458880.23924996075
1282,21022974.786438983,458880.23924996075
1283,21021611.130291022,458880.23924996075
1284,20918769.321363855,458880.23924996075
1285,20076014.519422546,458880.23924996075
1286,20183263.40876007,458880.23924996075
1287,19680237.500941817,458880.23924996075
1288,20070368.312304664,458880.23924996075
1289,20153906.58144239,458880.23924996075
1290,20154592.078459978,458880.23924996075
1291,19518970.396352086,458880.23924996075
1292,19264521.971197143,458880.23924996075
1293,19092686.455344703,458880.23924996075
1294,19084583.29771504,458880.23924996075
1295,18549770.623666264,458880.23924996075
1296,17738292.5403259,458880.23924996075
1297,17465253.73046938,458880.23924996075
1298,16835573.60895357,458880.23924996075
1299,16665335.862433264,458880.23924996075
1300,16530656.881571626,458880.23924996075
1301,16631189.298546974,458880.23924996075
1302,16435527.272144018,458880.23924996075
1303,16069132.703211157,458880.23924996075
1304,16074080.825467957,458880.23924996075
1305,15975896.243691076,458880.23924996075
1306,15321101.998130187,458880.23924996075
1307,14653158.319413977,458880.23924996075
1308,14342308.618003827,458880.23924996075
1309,14074061.871867884,458880.23924996075
1310,13943752.355240341,458880.23924996075
1311,13621261.079296831,458880.23924996075
1312,13516874.649485532,458880.23924996075
1313,13608423.975729462,458880.23924996075
1314,14379824.738121456,458880.23924996075
1315,15091848.448081732,458880.23924996075
1316,15344016.045823565,458880.23924996075
1317,15530202.230786486,458880.23924996075
1318,15434611.305902606,458880.23924996075
1319,15447410.07545681,458880.23924996075
1320,15746538.006492121,458880.23924996075
1321,16130087.884769375,458880.23924996075
1322,16480983.355479999,458880.23924996075
1323,16718581.859088171,458880.23924996075
1324,16952735.87514543,458880.23924996075
1325,16529027.563785117,458880.23924996075
1326,16102856.50648513,458880.23924996075
1327,16128771.909868019,458880.23924996075
1328,15779911.839178527,458880.23924996075
1329,15540493.000601731,458880.23924996075
1330,15400920.361792898,458880.23924996075
1331,15746906.587758522,458880.23924996075
1332,15456356.118318232,458880.23924996075
1333,15466661.934554074,458880.23924996075
1334,15327199.24507668,458880.23924996075
1335,15269795.572821798,458880.23924996075
1336,15336786.534183409,458880.23924996075
1337,15256833.870779106,458880.23924996075
1338,14933239.490764592,458880.23924996075
1339,14607394.759091044,458880.23924996075
1340,14218244.26614458,458880.23924996075
1341,13798444.367841516,458880.23924996075
1342,13613042.691759013,458880.23924996075
1343,13501111.60374359,458880.23924996075
1344,13484209.497177973,458880.23924996075
1345,13120054.208544577,458880.23924996075
1346,12920221.8018685,458880.23924996075
1347,12870934.134703418,458880.23924996075
1348,12571588.785331907,458880.23924996075
1349,12023151.75344454,458880.23924996075
1350,11899336.212853855,458880.23924996075
1351,12044303.45643845,458880.23924996075
1352,11849623.136230778,458880.23924996075
1353,11740400.042835614,458880.23924996075
1354,11832428.908451442,458880.23924996075
1355,11686197.495853962,458880.23924996075
1356,11652203.181846647,458880.23924996075
1357,11813434.484874938,458880.23924996075
1358,12002813.952216772,458880.23924996075
1359,11872431.985633379,458880.23924996075
1360,11632749.421316411,458880.23924996075
1361,11574242.185604025,458880.23924996075
1362,11343451.111008132,458880.23924996075
1363,11278778.543067891,458880.23924996075
1364,11286808.377060331,458880.23924996075
1365,11382347.228725456,458880.23924996075
1366,11303748.386421401,458880.23924996075
1367,11295636.909006575,458880.23924996075
1368,10921990.332828743,458880.23924996075
1369,10876302.179988377,458880.23924996075
1370,10886513.461847102,458880.23924996075
1371,10972963.072528185,458880.23924996075
1372,10872893.338944362,458880.23924996075
1373,10802927.184886925,458880.23924996075
1374,10774950.627264572,458880.23924996075
1375,10609937.997034745,458880.23924996075
1376,10473294.23477231,458880.23924996075
1377,10228316.30286619,458880.23924996075
1378,9847517.421233611,458880.23924996075
1379,9815375.299063485,458880.23924996075
1380,9708381.632175941,458880.23924996075
1381,9763288.502041316,458880.23924996075
1382,9800794.457184477,458880.23924996075
1383,9902776.44729629,458880.23924996075
1384,10143690.050564867,458880.23924996075
1385,10163296.74007654,458880.23924996075
1386,10413902.31802142,458880.23924996075
1387,10308125.439446418,458880.23924996075
1388,10267225.967509964,458880.23924996075
1389,9795658.05002672,458880.23924996075
1390,9527132.139481364,458880.23924996075
1391,9214273.38404118,458880.23924996075
1392,9190230.661018735,458880.23924996075
1393,9160073.581313618,458880.23924996075
1394,8910685.281547772,458880.23924996075
1395,8930402.726369096,458880.23924996075
1396,9053631.692602016,458880.23924996075
1397,8870315.508180995,458880.23924996075
1398,8959156.75998909,458880.23924996075
1399,8958640.37098142,458880.23924996075
1400,8698179.48186174,458880.23924996075
1401,8712902.17742796,458880.23924996075
1402,8528111.296001844,458880.23924996075
1403,8338248.002993058,458880.23924996075
1404,8363396.930123071,458880.23924996075
1405,8387469.736525699,458880.23924996075
1406,8371279.346176204,458880.23924996075
1407,8088815.865233001,458880.23924996075
1408,7865483.690105772,458880.23924996075
1409,7670512.481571103,458880.23924996075
1410,7655715.1631326955,458880.23924996075
1411,7643876.794992167,458880.23924996075
1412,7618547.101547671,458880.23924996075
1413,7626418.432996797,458880.23924996075
1414,7667180.080492852,458880.23924996075
1415,7915000.230566779,458880.23924996075
1416,8252954.118713042,458880.23924996075
1417,8327767.4003225565,458880.23924996075
1418,8209870.01352569,458880.23924996075
1419,8105468.893536791,458880.23924996075
1420,8120339.396168621,458880.23924996075
1421,8084478.526876991,458880.23924996075
1422,7888408.000532056,458880.23924996075
1423,7868048.663847103,458880.23924996075
1424,8065389.666837077,458880.23924996075
1425,8079914.980449368,458880.23924996075
1426,7888839.430797001,458880.23924996075
1427,7757426.420454939,458880.23924996075
1428,7567787.120073232,458880.23924996075
1429,7439171.17606456,458880.23924996075
1430,7419910.81779737,458880.23924996075
1431,7495890.948555585,458880.23924996075
1432,7621266.703060812,458880.23924996075
1433,7499267.194111458,458880.23924996075
1434,7348592.736350856,458880.23924996075
1435,7402181.637139616,458880.23924996075
1436,7243625.01321845,458880.23924996075
1437,7280323.9186502425,458880.23924996075
1438,6971621.871710271,458880.23924996075
1439,6683388.131779212,458880.23924996075
1440,6640522.527969753,458880.23924996075
1441,6619340.36968868,458880.23924996075
1442,6727594.773682778,458880.23924996075
1443,6721353.730832661,458880.23924996075
1444,6704972.431031216,458880.23924996075
1445,6598397.687462269,458880.23924996075
1446,6666763.924620359,458880.23924996075
1447,6679185.043646152,458880.23924996075
1448,6683223.318302895,458880.23924996075
1449,6604600.258610546,458880.23924996075
1450,6607016.094672169,458880.23924996075
1451,6772930.118067113,458880.23924996075
1452,6949878.486612565,458880.23924996075
1453,7049922.586063301,458880.23924996075
1454,7103902.945432206,458880.23924996075
1455,6951635.312290457,458880.23924996075
1456,6991478.544378578,458880.23924996075
1457,6939317.400187296,458880.23924996075
1458,6943847.718971376,458880.23924996075
1459,6894198.461926886,458880.23924996075
1460,6830662.016995594,458880.23924996075
1461,6773241.791713384,458880.23924996075
1462,6743325.186688273,458880.23924996075
1463,6815414.152189293,458880.23924996075
1464,6805566.178989333,458880.23924996075
1465,6834576.752797202,458880.23924996075
1466,6943478.056152093,458880.23924996075
1467,6924508.775641762,458880.23924996075
1468,6928313.655363806,458880.23924996075
1469,6716980.57891163,458880.23924996075
1470,6708984.392438734,458880.23924996075
1471,6779684.080286008,458880.23924996075
1472,6704810.941889436,458880.23924996075
1473,6638143.841972637,458880.23924996075
1474,6499499.098117913,458880.23924996075
1475,6461797.133168001,458880.23924996075
1476,6491484.621661934,458880.23924996075
1477,6313424.592823674,458880.23924996075
1478,6285974.420181435,458880.23924996075
1479,6008139.036217021,458880.23924996075
1480,5747435.988568481,458880.23924996075
1481,5649504.734915271,458880.23924996075
1482,5678821.234920142,458880.23924996075
1483,5704223.2246230375,458880.23924996075
1484,5740515.336029459,458880.23924996075
1485,5803639.792397752,458880.23924996075
1486,5707517.260787555,458880.23924996075
1487,5684777.208357876,458880.23924996075
1488,5673224.514462103,458880.23924996075
1489,5716193.339198591,458880.23924996075
1490,5653972.053466199,458880.23924996075
1491,5714109.614138941,458880.23924996075
1492,5637839.7315968005,458880.23924996075
1493,5549673.157058537,458880.23924996075
1494,5558576.822250576,458880.23924996075
1495,5546523.283283547,458880.23924996075
1496,5455952.245110229,458880.23924996075
1497,5415399.932896968,458880.23924996075
1498,5309613.436742302,458880.23924996075
1499,5198055.889819869,458880.23924996075
1500,5256614.252248993,458880.23924996075
1501,5255068.237132303,458880.23924996075
1502,5299518.7928305715,458880.23924996075
1503,5232445.4749840675,458880.23924996075
1504,5250439.8075514445,458880.23924996075
1505,5234844.48405028,458880.23924996075
1506,5311549.662553942,458880.23924996075
1507,5240585.321727544,458880.23924996075
1508,5138298.6291025095,458880.23924996075
1509,4956916.539018426,458880.23924996075
1510,5017248.656987154,458880.23924996075
1511,5178035.66437394,458880.23924996075
1512,5193175.74539404,458880.23924996075
1513,5205670.426086834,458880.23924996075
1514,5163474.280772583,458880.23924996075
1515,5018253.487829407,458880.23924996075
1516,4911060.178217555,458880.23924996075
1517,4818518.364515232,458880.23924996075
1518,4768961.599072878,458880.23924996075
1519,4687739.688573653,458880.23924996075
1520,4744417.434002674,458880.23924996075
1521,4845197.065817951,458880.23924996075
1522,4815395.020431512,458880.23924996075
1523,4837502.7760396125,458880.23924996075
1524,4874297.869842507,458880.23924996075
1525,5032758.199612068,458880.23924996075
1526,5000272.116020346,458880.23924996075
1527,4882718.893382087,458880.23924996075
1528,4874212.528986306,458880.23924996075
1529,4881940.418025915,458880.23924996075
1530,4805106.053672365,458880.23924996075
1531,4729830.724622828,458880.23924996075
1532,4749145.577199007,458880.23924996075
1533,4659532.277613756,458880.23924996075
1534,4484210.891442939,458880.23924996075
1535,4446568.367611599,458880.23924996075
1536,4508145.92052993,458880.23924996075
1537,4546361.292202908,458880.23924996075
1538,4556280.835214387,458880.23924996075
1539,4587647.449140081,458880.23924996075
1540,4556792.963264481,458880.23924996075
1541,4574420.544832145,458880.23924996075
1542,4573281.118250403,458880.23924996075
1543,4489713.729897023,458880.23924996075
1544,4423939.339375091,458880.23924996075
1545,4593854.468864484,458880.23924996075
1546,4600348.549932692,458880.23924996075
1547,4594363.153958275,458880.23924996075
1548,4504421.205497762,458880.23924996075
1549,4381192.851061031,458880.23924996075
1550,4279793.978239319,458880.23924996075
1551,4197788.96462864,458880.23924996075
1552,4063106.889539498,458880.23924996075
1553,3878843.1682789903,458880.23924996075
1554,3811954.790582213,458880.23924996075
1555,3825041.896144787,458880.23924996075
1556,3861720.326514456,458880.23924996075
1557,3987323.3819293445,458880.23924996075
1558,4165754.6678816094,458880.23924996075
1559,4062962.782300764,458880.23924996075
1560,4013123.137594539,458880.23924996075
1561,3818717.4324948513,458880.23924996075
1562,3654189.6655907375,458880.23924996075
1563,3538234.686975735,458880.23924996075
1564,3425960.5384480543,458880.23924996075
1565,3435305.9692447167,458880.23924996075
1566,3533260.5835531536,458880.23924996075
1567,3526719.114518046,458880.23924996075
1568,3519517.1002851985,458880.23924996075
1569,3415701.4427622724,458880.23924996075
1570,3322349.702907789,458880.23924996075
1571,3320639.922584324,458880.23924996075
1572,3313316.7273611855,458880.23924996075
1573,3369270.01298492,458880.23924996075
1574,3412690.597842463,458880.23924996075
1575,3398196.0070368275,458880.23924996075
1576,3344294.592287109,458880.23924996075
1577,3337591.3143527755,458880.23924996075
1578,3337074.038704376,458880.23924996075
1579,3276970.3703801357,458880.23924996075
1580,3170081.6527038133,458880.23924996075
1581,3079932.6599654783,458880.23924996075
1582,3055485.4122906006,458880.23924996075
1583,3031963.44398037,458880.23924996075
1584,3132921.8333611386,458880.23924996075
1585,3211071.752282977,458880.23924996075
1586,3227735.521036311,458880.23924996075
1587,3145778.2904002424,458880.23924996075
1588,3098847.0347654745,458880.23924996075
1589,3091584.3751786556,458880.23924996075
1590,3150996.9412669907,458880.23924996075
1591,3141706.768324841,458880.23924996075
1592,3075309.9053002195,458880.23924996075
1593,3037805.717329497,458880.23924996075
1594,2975266.0314559145,458880.23924996075
1595,2969540.527268049,458880.23924996075
1596,2990635.3115423727,458880.23924996075
1597,3015034.8255623095,458880.23924996075
1598,3003010.9097844437,458880.23924996075
1599,3010160.0568098472,458880.23924996075
1600,2922660.9495164244,458880.23924996075
1601,2838447.874211398,458880.23924996075
1602,2841258.811251429,458880.23924996075
1603,2822878.283917861,458880.23924996075
1604,2854705.709918338,458880.23924996075
1605,2872994.89000654,458880.23924996075
1606,2814407.6052925335,458880.23924996075
1607,2829450.9197595,458880.23924996075
1608,2773698.0191148417,458880.23924996075
1609,2766975.9095396125,458880.23924996075
1610,2706386.0522097684,458880.23924996075
1611,2707278.214209935,458880.23924996075
1612,2703030.961422638,458880.23924996075
1613,2701012.094692774,458880.23924996075
1614,2719795.684070065,458880.23924996075
1615,2713640.353682432,458880.23924996075
1616,2701987.771607897,458880.23924996075
1617,2684617.536691691,458880.23924996075
1618,2661236.0786670833,458880.23924996075
1619,2672802.1203025137,458880.23924996075
1620,2650941.3248105436,458880.23924996075
1621,2677784.2278090785,458880.23924996075
1622,2588780.6668343386,458880.23924996075
1623,2540986.437002449,458880.23924996075
1624,2525144.2518669,458880.23924996075
1625,2570329.4894599356,458880.23924996075
1626,2611130.2665863126,458880.23924996075
1627,2612152.169805377,458880.23924996075
1628,2612675.144998165,458880.23924996075
1629,2602018.7063169405,458880.23924996075
1630,2587056.7961892225,458880.23924996075
1631,2589208.8634292413,458880.23924996075
1632,2486054.4215220995,458880.23924996075
1633,2391092.411629988,458880.23924996075
1634,2366810.039973032,458880.23924996075
1635,2359802.7690980453,458880.23924996075
1636,2373801.2800457096,458880.23924996075
1637,2413323.581169388,458880.23924996075
1638,2422113.146050621,458880.23924996075
1639,2478495.7716961172,458880.23924996075
1640,2517594.7089306638,458880.23924996075
1641,2598999.26363993,458880.23924996075
1642,2573906.7306530215,458880.23924996075
1643,2607405.876930166,458880.23924996075
1644,2634158.1211907375,458880.23924996075
1645,2619807.2138814284,458880.23924996075
1646,2596453.7799272914,458880.23924996075
1647,2523824.6531681325,458880.23924996075
1648,2499874.914958083,458880.23924996075
1649,2520479.74926753,458880.23924996075
1650,2461744.668903989,458880.23924996075
1651,2424600.616944239,458880.23924996075
1652,2396438.0077907844,458880.23924996075
1653,2337717.065115468,458880.23924996075
1654,2262915.9690109356,458880.23924996075
1655,2275145.254023459,458880.23924996075
1656,2295583.650545547,458880.23924996075
1657,2260655.179521801,458880.23924996075
1658,2275969.8253530283,458880.23924996075
1659,2254041.4561218927,458880.23924996075
1660,2220696.1542038745,458880.23924996075
1661,2231096.5727725565,458880.23924996075
1662,2238000.7817246933,458880.23924996075
1663,2224227.4221397624,458880.23924996075
1664,2195841.9541364238,458880.23924996075
1665,2159790.541237519,458880.23924996075
1666,2118798.67692374,458880.23924996075
1667,2071977.3827374177,458880.23924996075
1668,2037651.3008889412,458880.23924996075
1669,2003773.7667484593,458880.23924996075
1670,1999862.0252165438,458880.23924996075
1671,2019885.0080176615,458880.23924996075
1672,2012178.0723687788,458880.23924996075
1673,1993475.215480974,458880.23924996075
1674,1980639.8043933646,458880.23924996075
1675,1964300.4503757735,458880.23924996075
1676,1934833.12499991,458880.23924996075
1677,1919652.8386453867,458880.23924996075
1678,1930303.1181888704,458880.23924996075
1679,1957425.4076730565,458880.23924996075
1680,1971416.532835152,458880.23924996075
1681,1977418.1140741804,458880.23924996075
1682,2005199.1072176672,458880.23924996075
1683,2002650.7736291855,458880.23924996075
1684,2037320.8491077346,458880.23924996075
1685,2043900.744843173,458880.23924996075
1686,2056409.6453978964,458880.23924996075
1687,2098100.389749415,458880.23924996075
1688,2130248.171157089,458880.23924996075
1689,2247309.582263004,458880.23924996075
1690,2308193.523890723,458880.23924996075
1691,2374891.2927969755,458880.23924996075
1692,2398334.3835055092,458880.23924996075
1693,2397140.183395019,458880.23924996075
1694,2408994.224490454,458880.23924996075
1695,2417006.679096713,458880.23924996075
1696,2386890.7069401704,458880.23924996075
1697,2372563.155036607,458880.23924996075
1698,2338835.9601614107,458880.23924996075
1699,2261975.213297562,458880.23924996075
1700,2249567.7007403797,458880.23924996075
1701,2246119.6310494877,458880.23924996075
1702,2298903.8259295085,458880.23924996075
1703,2324340.9028816707,458880.23924996075
1704,2416829.6387490015,458880.23924996075
1705,2432987.3358820253,458880.23924996075
1706,2492592.4857558557,458880.23924996075
1707,2509880.654102701,458880.23924996075
1708,2510753.918963469,458880.23924996075
1709,2463671.395664966,458880.23924996075
1710,2388920.6517205704,458880.23924996075
1711,2342614.471676948,458880.23924996075
1712,2290004.3957061837,458880.23924996075
1713,2258339.9164760727,458880.23924996075
1714,2310014.6122536086,458880.23924996075
1715,2296760.6673645554,458880.23924996075
1716,2226835.5179232345,458880.23924996075
1717,2210694.6791374,458880.23924996075
1718,2217982.3491776977,458880.23924996075
1719,2186569.2243996696,458880.23924996075
1720,2195425.2603998454,458880.23924996075
1721,2172315.630128686,458880.23924996075
1722,2158770.9258672963,458880.23924996075
1723,2160916.10387286,458880.23924996075
1724,2164052.702581116,458880.23924996075
1725,2121010.423131085,458880.23924996075
1726,2099087.2487947717,458880.23924996075
1727,2046810.989929379,458880.23924996075
1728,1998534.890549608,458880.23924996075
1729,1943397.5992026352,458880.23924996075
1730,1911264.6044853982,458880.23924996075
1731,1863069.176415048,458880.23924996075
1732,1799792.3947236242,458880.23924996075
1733,1789223.2830783322,458880.23924996075
1734,1750035.631244247,458880.23924996075
1735,1715339.6495317798,458880.23924996075
1736,1719170.3900075585,458880.23924996075
1737,1748290.4039092597,458880.23924996075
1738,1755892.1000732982,458880.23924996075
1739,1742136.271431049,458880.23924996075
1740,1715748.4603933129,458880.23924996075
1741,1714884.6647409506,458880.23924996075
1742,1713163.0742604707,458880.23924996075
1743,1678755.5521646424,458880.23924996075
1744,1662498.4689867,458880.23924996075
1745,1646321.5407099987,458880.23924996075
1746,1608160.9290403198,458880.23924996075
1747,1566994.5638647445,458880.23924996075
1748,1550935.5588211066,458880.23924996075
1749,1539416.2726992709,458880.23924996075
1750,1567414.4502158575,458880.23924996075
1751,1580700.067658957,458880.23924996075
1752,1594858.5622301367,458880.23924996075
1753,1592498.8075934353,458880.23924996075
1754,1600525.1434812506,458880.23924996075
1755,1611887.1049984465,458880.23924996075
1756,1599510.2996536635,458880.23924996075
1757,1565265.60003951,458880.23924996075
1758,1514401.4361718798,458880.23924996075
1759,1488028.1959979096,458880.23924996075
1760,1442862.9516886177,458880.23924996075
1761,1419229.2586178032,458880.23924996075
1762,1395267.079128405,458880.23924996075
1763,1400884.2335605917,458880.23924996075
1764,1353383.4903211547,458880.23924996075
1765,1336819.519072368,458880.23924996075
1766,1304256.8696604304,458880.23924996075
1767,1285240.9221235118,458880.23924996075
1768,1281697.042093626,458880.23924996075
1769,1268884.0527975154,458880.23924996075
1770,1284515.7621207093,458880.23924996075
1771,1281447.7949558531,458880.23924996075
1772,1256319.2348049306,458880.23924996075
1773,1225489.1913480535,458880.23924996075
1774,1170878.980421318,458880.23924996075
1775,1150873.4869570814,458880.23924996075
1776,1128590.3122261863,458880.23924996075
1777,1116042.023112327,458880.23924996075
1778,1111691.9257906843,458880.23924996075
1779,1082656.2763307586,458880.23924996075
1780,1029864.9685558918,458880.23924996075
1781,1014323.2162795612,458880.23924996075
1782,1013869.3623016768,458880.23924996075
1783,1026339.1438584864,458880.23924996075
1784,1018274.671277559,458880.23924996075
1785,1031019.5192650721,458880.23924996075
1786,1047400.0431559556,458880.23924996075
1787,1046168.7493994858,458880.23924996075
1788,1034358.1685561475,458880.23924996075
1789,1036695.4014413733,458880.23924996075
1790,1034687.9417501106,458880.23924996075
1791,1023322.6853757034,458880.23924996075
1792,1020050.4497101072,458880.23924996075
1793,1046290.7444060113,458880.23924996075
1794,1062867.7584029154,458880.23924996075
1795,1077270.8118423128,458880.23924996075
1796,1062555.899296343,458880.23924996075
1797,1053350.782943162,458880.23924996075
1798,1014903.7392256913,458880.23924996075
1799,983677.0508605223,458880.23924996075
1800,957883.7918743981,458880.23924996075
1801,965303.7975441773,458880.23924996075
1802,975690.6775014292,458880.23924996075
1803,990889.6464707323,458880.23924996075
1804,992871.8406575161,458880.23924996075
1805,997592.2638598456,458880.23924996075
1806,1007631.3484298156,458880.23924996075
1807,1013750.5944203103,458880.23924996075
1808,1008148.7896339754,458880.23924996075
1809,1002853.7905488261,458880.23924996075
1810,994133.0927644895,458880.23924996075
1811,947515.706954543,458880.23924996075
1812,910050.305820584,458880.23924996075
1813,897487.5462410562,458880.23924996075
1814,905510.4708905312,458880.23924996075
1815,912162.8457944769,458880.23924996075
1816,899429.1120332341,458880.23924996075
1817,900251.4043683193,458880.23924996075
1818,901774.0094519142,458880.23924996075
1819,907279.3738135477,458880.23924996075
1820,921648.1705906667,458880.23924996075
1821,930192.518366019,458880.23924996075
1822,918036.107674175,458880.23924996075
1823,919865.3258118427,458880.23924996075
1824,949683.1753648039,458880.23924996075
1825,961952.5187342133,458880.23924996075
1826,983334.4513989267,458880.23924996075
1827,989589.1053468094,458880.23924996075
1828,973479.2761538858,458880.23924996075
1829,955477.196406175,458880.23924996075
1830,957299.4960665371,458880.23924996075
1831,982982.0665725708,458880.23924996075
1832,986709.6477136498,458880.23924996075
1833,969552.1892505009,458880.23924996075
1834,947100.9833555986,458880.23924996075
1835,925292.1212068147,458880.23924996075
1836,938155.1999684685,458880.23924996075
1837,910306.8116810207,458880.23924996075
1838,899783.7249911723,458880.23924996075
1839,871826.7296565511,458880.23924996075
1840,858180.7771675237,458880.23924996075
1841,842534.0114965758,458880.23924996075
1842,840505.4356773476,458880.23924996075
1843,846904.6190958925,458880.23924996075
1844,855352.6711679904,458880.23924996075
1845,863347.2721099715,458880.23924996075
1846,865828.634805019,458880.23924996075
1847,854207.3244398622,458880.23924996075
1848,839920.0811809635,458880.23924996075
1849,824255.7232912214,458880.23924996075
1850,827285.2700223033,458880.23924996075
1851,830817.2214867879,458880.23924996075
1852,831477.195390812,458880.23924996075
1853,833778.2276111665,458880.23924996075
1854,836831.3987253414,458880.23924996075
1855,826880.0559578169,458880.23924996075
1856,821069.6653916925,458880.23924996075
1857,801515.9552967922,458880.23924996075
1858,807160.221389466,458880.23924996075
1859,798832.5458252354,458880.23924996075
1860,802657.9324702353,458880.23924996075
1861,805527.473655359,458880.23924996075
1862,809230.5995581883,458880.23924996075
1863,790624.6771959402,458880.23924996075
1864,779690.5731608241,458880.23924996075
1865,780299.2367802402,458880.23924996075
1866,782393.2352076602,458880.23924996075
1867,778573.9598967545,458880.23924996075
1868,768890.5878074075,458880.23924996075
1869,770851.9529090318,458880.23924996075
1870,761852.347329525,458880.23924996075
1871,745845.5032545332,458880.23924996075
1872,734227.2176525112,458880.23924996075
1873,699954.1386825714,458880.23924996075
1874,672308.7585928142,458880.23924996075
1875,649527.2189675242,458880.23924996075
1876,643347.6216258918,458880.23924996075
1877,636239.7058591847,458880.23924996075
1878,636152.3210150587,458880.23924996075
1879,632514.9876140108,458880.23924996075
1880,624877.383750235,458880.23924996075
1881,630469.8948162061,458880.23924996075
1882,618655.0179229586,458880.23924996075
1883,607184.4460109373,458880.23924996075
1884,601065.4428651826,458880.23924996075
1885,598288.2195140508,458880.23924996075
1886,598380.5884898022,458880.23924996075
1887,592620.930025167,458880.23924996075
1888,584586.392191244,458880.23924996075
1889,577548.5731988618,458880.23924996075
1890,577747.4543314549,458880.23924996075
1891,584375.4251719534,458880.23924996075
1892,591071.403050979,458880.23924996075
1893,609151.2852025114,458880.23924996075
1894,615385.4577516555,458880.23924996075
1895,612904.4989620452,458880.23924996075
1896,605439.1258357739,458880.23924996075
1897,597984.0666469043,458880.23924996075
1898,582631.4286843017,458880.23924996075
1899,574623.2848104582,458880.23924996075
1900,578478.3587082422,458880.23924996075
1901,590413.2182992044,458880.23924996075
1902,586165.0650440662,458880.23924996075
1903,584489.7221157455,458880.23924996075
1904,585500.3639427836,458880.23924996075
1905,592540.9146873015,458880.23924996075
1906,596132.8692558076,458880.23924996075
1907,601348.0940395558,458880.23924996075
1908,608527.7956861334,458880.23924996075
1909,614255.8495921075,458880.23924996075
1910,614347.100713305,458880.23924996075
1911,601001.2987996752,458880.23924996075
1912,600868.1330760093,458880.23924996075
1913,579901.7550112287,458880.23924996075
1914,579971.5425562221,458880.23924996075
1915,578324.0258913506,458880.23924996075
1916,564657.2240553967,458880.23924996075
1917,556545.1490276002,458880.23924996075
1918,545581.6025359639,458880.23924996075
1919,531672.2319919103,458880.23924996075
1920,518294.28599792795,458880.23924996075
1921,499087.5226364292,458880.23924996075
1922,476999.29028713715,458880.23924996075
1923,472994.60991561523,458880.23924996075
1924,463042.7850921212,458880.23924996075
1925,461848.2551579048,458880.23924996075
1926,449360.0265194239,458880.23924996075
1927,438156.4324781735,458880.23924996075
1928,433280.08930054866,458880.23924996075
1929,429070.3303567546,458880.23924996075
1930,424408.2739038076,458880.23924996075
1931,412364.0876554328,458880.23924996075
1932,407607.48831651604,458880.23924996075
1933,405219.7913835338,458880.23924996075
1934,399162.63496813294,458880.23924996075
1935,396376.9739885787,458880.23924996075
1936,391954.9852476276,458880.23924996075
1937,377881.8234110656,458880.23924996075
1938,377630.39501976734,458880.23924996075
1939,371166.87866464123,458880.23924996075
1940,377655.13408958656,458880.23924996075
1941,369881.17188586027,458880.23924996075
1942,371953.15980288386,458880.23924996075
1943,372287.495080277,458880.23924996075
1944,382695.43069100287,458880.23924996075
1945,378749.74254125,458880.23924996075
1946,389744.5668723683,458880.23924996075
1947,406148.43947341916,458880.23924996075
1948,414255.87823577697,458880.23924996075
1949,424744.2865998877,458880.23924996075
1950,436391.1847546716,458880.23924996075
1951,442446.7726325895,458880.23924996075
1952,440610.96271904506,458880.23924996075
1953,427507.2262796413,458880.23924996075
1954,410519.58406590176,458880.23924996075
1955,407193.0481741548,458880.23924996075
1956,402643.092197233,458880.23924996075
1957,398896.50452943577,458880.23924996075
1958,405232.9147589876,458880.23924996075
1959,406252.85276198975,458880.23924996075
1960,400896.2382527151,458880.23924996075
1961,401449.85020945634,458880.23924996075
1962,402335.33083587367,458880.23924996075
1963,404346.8994298463,458880.23924996075
1964,410392.2780626055,458880.23924996075
1965,418981.46715570067,458880.23924996075
1966,433760.2303996089,458880.23924996075
1967,447564.9413033137,458880.23924996075
1968,444098.52490625624,458880.23924996075
1969,436299.52339878207,458880.23924996075
1970,428315.6658769458,458880.23924996075
1971,431703.71053675504,458880.23924996075
1972,442610.7821138234,458880.23924996075
1973,448111.69009825046,458880.23924996075
1974,454626.46371048654,458880.23924996075
1975,454433.0198426509,458880.23924996075
1976,455487.83676016197,458880.23924996075
1977,457702.0688693911,458880.23924996075
1978,464952.4889564432,458880.23924996075
1979,466960.2564282132,458880.23924996075
1980,463912.4639102791,458880.23924996075
1981,459373.03479289706,458880.23924996075
1982,465566.5466366061,458880.23924996075
1983,474427.4457866949,458880.23924996075
1984,475487.5914710097,458880.23924996075
1985,472690.5580299038,458880.23924996075
1986,472083.6989714014,458880.23924996075
1987,479912.6210655928,458880.23924996075
1988,478299.56889960193,458880.23924996075
1989,463879.149989656,458880.23924996075
1990,454511.89566944516,458880.23924996075
1991,442926.6647286298,458880.23924996075
1992,437701.3483144887,458880.23924996075
1993,443526.88437419926,458880.23924996075
1994,437861.4168493919,458880.23924996075
1995,434184.4910937541,458880.23924996075
1996,444851.8578074494,458880.23924996075
1997,441508.9340682028,458880.23924996075
1998,429693.6754848283,458880.23924996075
1999,423121.5274447861,458880.23924996075
2000,416479.9452376794,458880.23924996075
2001,397652.7577639389,458880.23924996075
2002,399052.88971921086,458880.23924996075
2003,408975.479491128,458880.23924996075
2004,403859.9859698847,458880.23924996075
2005,399188.75695860176,458880.23924996075
2006,384679.0928092431,458880.23924996075
2007,376389.25102858647,458880.23924996075
2008,363730.73393380473,458880.23924996075
2009,355439.1154589208,458880.23924996075
2010,342852.4499459556,458880.23924996075
2011,341001.99714639987,458880.23924996075
2012,329053.69903399376,458880.23924996075
2013,323827.59666876326,458880.23924996075
2014,325851.3107781611,458880.23924996075
2015,323512.61097644595,458880.23924996075
2016,315210.42633976304,458880.23924996075
2017,304245.80477021897,458880.23924996075
2018,296019.07742644544,458880.23924996075
2019,291363.05700353836,458880.23924996075
2020,288568.2558785373,458880.23924996075
2021,282434.439347375,458880.23924996075
2022,275553.71940163587,458880.23924996075
2023,271317.75771154393,458880.23924996075
2024,265479.46395861823,458880.23924996075
2025,262688.6471521053,458880.23924996075
2026,263774.4685776279,458880.23924996075
2027,269215.8635582622,458880.23924996075
2028,272247.72567333555,458880.23924996075
2029,271806.0679194034,458880.23924996075
2030,274687.880413521,458880.23924996075
2031,272775.22618914465,458880.23924996075
2032,269662.5020855756,458880.23924996075
2033,265125.8752182309,458880.23924996075
2034,258129.1255899149,458880.23924996075
2035,257119.424026936,458880.23924996075
2036,257794.20209051308,458880.23924996075
2037,262754.5618235244,458880.23924996075
2038,260358.4529298791,458880.23924996075
2039,256018.6176043593,458880.23924996075
2040,254272.23420408205,458880.23924996075
2041,255803.3612062183,458880.23924996075
2042,271003.2456167343,458880.23924996075
2043,286572.2527477662,458880.23924996075
2044,300991.362449947,458880.23924996075
2045,314496.9178365929,458880.23924996075
2046,324499.78578911914,458880.23924996075
2047,326298.4629899853,458880.23924996075
2048,314927.4158878764,458880.23924996075
2049,306445.19115571195,458880.23924996075
2050,297858.3113370111,458880.23924996075
2051,287571.0431352662,458880.23924996075
2052,285901.6099393925,458880.23924996075
2053,284306.5309853153,458880.23924996075
2054,280808.3009136072,458880.23924996075
2055,273345.3200779309,458880.23924996075
2056,262631.4801051559,458880.23924996075
2057,250347.87648822935,458880.23924996075
2058,243160.6159574073,458880.23924996075
2059,239749.43391751038,458880.23924996075
2060,244009.06769709662,458880.23924996075
2061,241235.19923698306,458880.23924996075
2062,243916.3195506089,458880.23924996075
2063,241229.0112415629,458880.23924996075
2064,233765.87005867975,458880.23924996075
2065,232948.64433072135,458880.23924996075
2066,233781.5509377567,458880.23924996075
2067,234058.51836975495,458880.23924996075
2068,232296.07676478729,458880.23924996075
2069,233502.6314402183,458880.23924996075
2070,229589.9243170048,458880.23924996075
2071,223897.70320764632,458880.23924996075
2072,215460.4020944634,458880.23924996075
2073,215163.41651068395,458880.23924996075
2074,220738.1528759869,458880.23924996075
2075,219831.07281395345,458880.23924996075
2076,219484.31221380114,458880.23924996075
2077,213223.76846751606,458880.23924996075
2078,214214.49261473102,458880.23924996075
2079,213011.71386847002,458880.23924996075
2080,213447.64151956933,458880.23924996075
2081,208111.50480414255,458880.23924996075
2082,198995.6105246446,458880.23924996075
2083,191054.0840227417,458880.23924996075
2084,190260.14784556488,458880.23924996075
2085,189058.5800679708,458880.23924996075
2086,193169.8137852199,458880.23924996075
2087,197900.4915039263,458880.23924996075
2088,200832.02970663007,458880.23924996075
2089,203828.28308040378,458880.23924996075
2090,197662.91005612077,458880.23924996075
2091,193900.671397744,458880.23924996075
2092,188843.21767316284,458880.23924996075
2093,186459.500422628,458880.23924996075
2094,188547.35267955533,458880.23924996075
2095,191525.72130247776,458880.23924996075
2096,197232.4676434309,458880.23924996075
2097,202934.83607550588,458880.23924996075
2098,205260.5287808751,458880.23924996075
2099,208257.2772173558,458880.23924996075
2100,202740.0193035776,458880.23924996075
2101,200798.60573347443,458880.23924996075
2102,203647.1969974602,458880.23924996075
2103,209526.93150047155,458880.23924996075
2104,207351.78011221346,458880.23924996075
2105,209796.41821775012,458880.23924996075
2106,209586.6804582504,458880.23924996075
2107,206653.53501486566,458880.23924996075
2108,211895.9551558207,458880.23924996075
2109,213903.07769777213,458880.23924996075
2110,219445.32206206143,458880.23924996075
2111,225240.89075176412,458880.23924996075
2112,229972.24858617588,458880.23924996075
2113,231194.58568339417,458880.23924996075
2114,226901.79575525483,458880.23924996075
2115,222546.13895198813,458880.23924996075
2116,220023.01378471797,458880.23924996075
2117,214632.2128371475,458880.23924996075
2118,213289.7955489656,458880.23924996075
2119,209881.90945836014,458880.23924996075
2120,209916.0181920688,458880.23924996075
2121,208342.40147460395,458880.23924996075
2122,205616.00948664264,458880.23924996075
2123,203950.942369317,458880.23924996075
2124,199610.56328350434,458880.23924996075
2125,197218.4158199788,458880.23924996075
2126,198139.96810451124,458880.23924996075
2127,193459.75681654486,458880.23924996075
2128,193842.9080794494,458880.23924996075
2129,194262.4507030151,458880.23924996075
2130,191875.8604835765,458880.23924996075
2131,193411.40919303912,458880.23924996075
2132,191717.1003075952,458880.23924996075
2133,186841.68699641895,458880.23924996075
2134,180630.0311995714,458880.23924996075
2135,174600.57501837882,458880.23924996075
2136,169284.2533964568,458880.23924996075
2137,170625.20632251198,458880.23924996075
2138,172992.08744205887,458880.23924996075
2139,172458.6416541993,458880.23924996075
2140,171697.5624080829,458880.23924996075
2141,169513.76636801346,458880.23924996075
2142,171365.63708013334,458880.23924996075
2143,172402.36711504942,458880.23924996075
2144,178384.0884372737,458880.23924996075
2145,185011.93905163146,458880.23924996075
2146,190338.68737149396,458880.23924996075
2147,191462.27889431186,458880.23924996075
2148,187379.35587777765,458880.23924996075
2149,182348.49597064685,458880.23924996075
2150,185527.82282631917,458880.23924996075
2151,186705.60017566604,458880.23924996075
2152,183770.06832653043,458880.23924996075
2153,181783.15616911484,458880.23924996075
2154,180653.40606163235,458880.23924996075
2155,178992.277131625,458880.23924996075
2156,172679.37711955904,458880.23924996075
2157,174073.4943644467,458880.23924996075
2158,175761.17151279363,458880.23924996075
2159,174267.27355523035,458880.23924996075
2160,170331.67793623236,458880.23924996075
2161,168616.9500101862,458880.23924996075
2162,165515.12607820192,458880.23924996075
2163,165744.28943193718,458880.23924996075
2164,164791.4557479462,458880.23924996075
2165,160654.73731793815,458880.23924996075
2166,158963.32196579795,458880.23924996075
2167,154958.62443419645,458880.23924996075
2168,152673.33738424382,458880.23924996075
2169,147325.91387094103,458880.23924996075
2170,142746.65841153087,458880.23924996075
2171,141756.79421904465,458880.23924996075
2172,138923.48859506706,458880.23924996075
2173,136301.58719200065,458880.23924996075
2174,137452.48122606828,458880.23924996075
2175,133693.04701959778,458880.23924996075
2176,129538.47662454088,458880.23924996075
2177,129432.75074165838,458880.23924996075
2178,130674.23854095675,458880.23924996075
2179,132094.2290594271,458880.23924996075
2180,131766.44108000642,458880.23924996075
2181,132851.3925829572,458880.23924996075
2182,133419.23489704382,458880.23924996075
2183,134623.94671956333,458880.23924996075
2184,134626.84341525583,458880.23924996075
2185,133522.14399444874,458880.23924996075
2186,135588.98306799072,458880.23924996075
2187,135992.19115922734,458880.23924996075
2188,134377.22664645413,458880.23924996075
2189,134096.59212852467,458880.23924996075
2190,134599.27477161857,458880.23924996075
2191,133949.0247488358,458880.23924996075
2192,132144.98114052875,458880.23924996075
2193,128416.01884604803,458880.23924996075
2194,125299.15992541894,458880.23924996075
2195,122705.48290349125,458880.23924996075
2196,123826.76836050965,458880.23924996075
2197,125234.27892214751,458880.23924996075
2198,124612.64737040804,458880.23924996075
2199,127932.51502627345,458880.23924996075
2200,131548.357421713,458880.23924996075
2201,134570.55552848903,458880.23924996075
2202,136215.21258548033,458880.23924996075
2203,130681.17770954702,458880.23924996075
2204,127140.94943475029,458880.23924996075
2205,126179.39821130516,458880.23924996075
2206,125651.69011459254,458880.23924996075
2207,126104.22632771815,458880.23924996075
2208,125444.22383632914,458880.23924996075
2209,123331.28089054959,458880.23924996075
2210,121104.48752868302,458880.23924996075
2211,121705.48860665598,458880.23924996075
2212,123727.2201772043,458880.23924996075
2213,124946.59981799948,458880.23924996075
2214,125817.6228049148,458880.23924996075
2215,126133.9133219107,458880.23924996075
2216,123246.20075082716,458880.23924996075
2217,121586.27056064569,458880.23924996075
2218,120395.00301788357,458880.23924996075
2219,119781.30225486505,458880.23924996075
2220,118013.92090776164,458880.23924996075
2221,117434.9571156082,458880.23924996075
2222,114754.2065567555,458880.23924996075
2223,112566.01675696696,458880.23924996075
2224,111941.15601897592,458880.23924996075
2225,115175.74234019549,458880.23924996075
2226,116829.90757935718,458880.23924996075
2227,115715.3070583544,458880.23924996075
2228,113371.06226677052,458880.23924996075
2229,111141.34804843951,458880.23924996075
2230,110010.90985195008,458880.23924996075
2231,109288.33268708258,458880.23924996075
2232,108042.19994337835,458880.23924996075
2233,107048.26939151771,458880.23924996075
2234,106235.55176079857,458880.23924996075
2235,104691.8862033193,458880.23924996075
2236,102945.38841795003,458880.23924996075
2237,102939.26250191391,458880.23924996075
2238,98415.60428016698,458880.23924996075
2239,97434.66514725647,458880.23924996075
2240,94470.87748887131,458880.23924996075
2241,92637.35038081926,458880.23924996075
2242,91491.7721958266,458880.23924996075
2243,92424.83410926916,458880.23924996075
2244,92116.74742497367,458880.23924996075
2245,90405.49503554017,458880.23924996075
2246,90266.7903378696,458880.23924996075
2247,90649.02103039766,458880.23924996075
2248,91373.63166752309,458880.23924996075
2249,90799.91045917272,458880.23924996075
2250,90913.60502598873,458880.23924996075
2251,89980.22533886784,458880.23924996075
2252,88803.49647307582,458880.23924996075
2253,87749.36450963486,458880.23924996075
2254,86416.87039593825,458880.23924996075
2255,85690.6131319895,458880.23924996075
2256,85866.25482375118,458880.23924996075
2257,84369.78919661064,458880.23924996075
2258,81865.30240949018,458880.23924996075
2259,81387.72159375597,458880.23924996075
2260,82622.14960302768,458880.23924996075
2261,82410.91103253135,458880.23924996075
2262,80985.85008785846,458880.23924996075
2263,80179.14650060312,458880.23924996075
2264,79013.01869881478,458880.23924996075
2265,78108.94017134176,458880.23924996075
2266,76723.11433750865,458880.23924996075
2267,76727.9750263279,458880.23924996075
2268,75938.7659436118,458880.23924996075
2269,75894.79081068744,458880.23924996075
2270,75772.76707911244,458880.23924996075
2271,76156.74337844286,458880.23924996075
2272,74135.76501925252,458880.23924996075
2273,73670.10209378113,458880.23924996075
2274,72877.11299313064,458880.23924996075
2275,72300.25691666306,458880.23924996075
2276,73046.72571721506,458880.23924996075
2277,72480.92566102174,458880.23924996075
2278,71321.49968325064,458880.23924996075
2279,69142.24069043061,458880.23924996075
2280,69068.06143439883,458880.23924996075
2281,69287.59497650826,458880.23924996075
2282,67366.94357085667,458880.23924996075
2283,66238.5697456236,458880.23924996075
2284,65318.178093885435,458880.23924996075
2285,63011.54053291117,458880.23924996075
2286,60800.028970852574,458880.23924996075
2287,60054.113047339204,458880.23924996075
2288,58372.76842278221,458880.23924996075
2289,57661.483483541655,458880.23924996075
2290,58420.73520604019,458880.23924996075
2291,58514.6453650483,458880.23924996075
2292,58147.79600829021,458880.23924996075
2293,57995.96940894662,458880.23924996075
2294,58077.75716686381,458880.23924996075
2295,57738.5143060189,458880.23924996075
2296,58110.24829176324,458880.23924996075
2297,56041.99437630937,458880.23924996075
2298,53797.31687880638,458880.23924996075
2299,51800.691284755005,458880.23924996075
2300,51169.4155287332,458880.23924996075
2301,51791.37796440198,458880.23924996075
2302,51929.71475216526,458880.23924996075
2303,49570.91094163553,458880.23924996075
2304,49260.063413598946,458880.23924996075
2305,48618.878287883665,458880.23924996075
2306,48274.99322308354,458880.23924996075
2307,48197.38667122828,458880.23924996075
2308,48427.172379867865,458880.23924996075
2309,49080.28693877893,458880.23924996075
2310,50017.85531689923,458880.23924996075
2311,49364.468996032214,458880.23924996075
2312,49435.5960612917,458880.23924996075
2313,51060.40947414608,458880.23924996075
2314,52216.87843002203,458880.23924996075
2315,52933.831566177156,458880.23924996075
2316,51994.49535895229,458880.23924996075
2317,51723.155484341376,458880.23924996075
2318,51775.499285397644,458880.23924996075
2319,50659.71879590194,458880.23924996075
2320,49653.63411142969,458880.23924996075
2321,50304.29079307327,458880.23924996075
2322,50453.80065574391,458880.23924996075
2323,51101.74357367984,458880.23924996075
2324,51317.1021402805,458880.23924996075
2325,51133.14810123156,458880.23924996075
2326,50023.993155301,458880.23924996075
2327,48023.14500985038,458880.23924996075
2328,47568.85518415928,458880.23924996075
2329,46963.498122424106,458880.23924996075
2330,46671.20753189693,458880.23924996075
2331,46342.36027113534,458880.23924996075
2332,45513.14356475676,458880.23924996075
2333,46507.755211688134,458880.23924996075
2334,46708.877113058836,458880.23924996075
2335,45994.34082568711,458880.23924996075
2336,45495.32160253119,458880.23924996075
2337,45413.18942304918,458880.23924996075
2338,45899.908331847786,458880.23924996075
2339,44492.68518868272,458880.23924996075
2340,44030.23973916228,458880.23924996075
2341,45378.90009207967,458880.23924996075
2342,46085.94757093231,458880.23924996075
2343,46302.97965235886,458880.23924996075
2344,45440.09219644408,458880.23924996075
2345,46020.009666638754,458880.23924996075
2346,46241.36576581119,458880.23924996075
2347,46295.94415078317,458880.23924996075
2348,46187.65044012102,458880.23924996075
2349,45808.68274026879,458880.23924996075
2350,44571.017334967044,458880.23924996075
2351,44040.764099125154,458880.23924996075
2352,43418.44934859999,458880.23924996075
2353,43272.11455277148,458880.23924996075
2354,43321.35359031035,458880.23924996075
2355,42046.43896345447,458880.23924996075
2356,41790.335574747936,458880.23924996075
2357,41600.92385696243,458880.23924996075
2358,41344.32074883491,458880.23924996075
2359,41635.365370465865,458880.23924996075
2360,41952.11831112864,458880.23924996075
2361,42094.1615522156,458880.23924996075
2362,42132.65519925105,458880.23924996075
2363,42654.80940704209,458880.23924996075
2364,43052.613721349786,458880.23924996075
2365,42129.55848203376,458880.23924996075
2366,42563.06438456032,458880.23924996075
2367,41832.02415151518,458880.23924996075
2368,40526.023142018865,458880.23924996075
2369,39978.844200296924,458880.23924996075
2370,39585.947584087764,458880.23924996075
2371,38239.03934458124,458880.23924996075
2372,37646.30532650185,458880.23924996075
2373,37564.38620178563,458880.23924996075
2374,36548.24913039279,458880.23924996075
2375,35912.56830120607,458880.23924996075
2376,35861.49574032475,458880.23924996075
2377,35276.474842464784,458880.23924996075
2378,35802.56156088424,458880.23924996075
2379,36375.97779371822,458880.23924996075
2380,36557.49021821432,458880.23924996075
2381,38105.639240727374,458880.23924996075
2382,38498.93159892558,458880.23924996075
2383,38249.68699427307,458880.23924996075
2384,38075.85535429005,458880.23924996075
2385,39131.96468639006,458880.23924996075
2386,39765.89768962029,458880.23924996075
2387,39512.215754655765,458880.23924996075
2388,39712.93375430424,458880.23924996075
2389,40403.34360271778,458880.23924996075
2390,40753.93070342409,458880.23924996075
2391,40808.75991130701,458880.23924996075
2392,40794.01654070322,458880.23924996075
2393,40187.20384312171,458880.23924996075
2394,39589.02268681656,458880.23924996075
2395,38834.110654848846,458880.23924996075
2396,38422.48565039844,458880.23924996075
2397,38094.56551962017,458880.23924996075
2398,37569.611892459165,458880.23924996075
2399,37015.92034053076,458880.23924996075
2400,37149.30971513794,458880.23924996075
2401,37070.551815519786,458880.23924996075
2402,37235.812613961294,458880.23924996075
2403,37087.1076079023,458880.23924996075
2404,37254.24334924702,458880.23924996075
2405,36710.607728217365,458880.23924996075
2406,36152.584682831555,458880.23924996075
2407,35650.58973590025,458880.23924996075
2408,35518.262736888755,458880.23924996075
2409,35810.96015986071,458880.23924996075
2410,35764.32015770897,458880.23924996075
2411,34786.005112803956,458880.23924996075
2412,34582.722804626515,458880.23924996075
2413,34857.044122761174,458880.23924996075
2414,35046.06775130261,458880.23924996075
2415,35273.1210329753,458880.23924996075
2416,36086.53192425826,458880.23924996075
2417,35915.93082806957,458880.23924996075
2418,35309.90897824479,458880.23924996075
2419,35617.54057555535,458880.23924996075
2420,34793.89852481161,458880.23924996075
2421,33426.27359010005,458880.23924996075
2422,32355.60530547446,458880.23924996075
2423,31512.319789019515,458880.23924996075
2424,30475.777153854764,458880.23924996075
2425,29809.904753437808,458880.23924996075
2426,29523.17969628267,458880.23924996075
2427,29820.8804750375,458880.23924996075
2428,29791.995568679253,458880.23924996075
2429,29126.751992578607,458880.23924996075
2430,28813.227597064906,458880.23924996075
2431,28820.46756211188,458880.23924996075
2432,28655.064861101055,458880.23924996075
2433,28283.17400689801,458880.23924996075
2434,27966.303332038577,458880.23924996075
2435,29160.685158680768,458880.23924996075
2436,29919.191214061193,458880.23924996075
2437,30196.95473161277,458880.23924996075
2438,30105.766744816345,458880.23924996075
2439,29108.79343149854,458880.23924996075
2440,28336.418805421206,458880.23924996075
2441,28511.096503135384,458880.23924996075
2442,27993.2483900235,458880.23924996075
2443,27434.79783068284,458880.23924996075
2444,27128.347785905684,458880.23924996075
2445,27148.59923252362,458880.23924996075
2446,27121.059953056865,458880.23924996075
2447,27650.428989757907,458880.23924996075
2448,27831.83393071305,458880.23924996075
2449,27709.781830874083,458880.23924996075
2450,27992.81822598414,458880.23924996075
2451,27657.899395572545,458880.23924996075
2452,27178.794481039484,458880.23924996075
2453,27613.14724407844,458880.23924996075
2454,27698.024120435628,458880.23924996075
2455,27543.69363991578,458880.23924996075
2456,27099.850320154655,458880.23924996075
2457,26922.05102052769,458880.23924996075
2458,27391.117630762423,458880.23924996075
2459,27217.758150053167,458880.23924996075
2460,26449.82200099588,458880.23924996075
2461,26083.690658298183,458880.23924996075
2462,26151.49260602991,458880.23924996075
2463,26179.125053436972,458880.23924996075
2464,25796.251711876695,458880.23924996075
2465,25757.23257412596,458880.23924996075
2466,25365.269581651253,458880.23924996075
2467,25071.552297093338,458880.23924996075
2468,24505.03937065423,458880.23924996075
2469,25110.393548526605,458880.23924996075
2470,24871.637341278023,458880.23924996075
2471,24058.63292119919,458880.23924996075
2472,23217.60046038008,458880.23924996075
2473,22894.106685886567,458880.23924996075
2474,22256.50982629311,458880.23924996075
2475,22181.411821941332,458880.23924996075
2476,21732.25759056163,458880.23924996075
2477,22065.601425147095,458880.23924996075
2478,21765.13119886658,458880.23924996075
2479,21162.40644758495,458880.23924996075
2480,20830.776714493346,458880.23924996075
2481,20995.187169995093,458880.23924996075
2482,21235.0259507822,458880.23924996075
2483,21143.342130963563,458880.23924996075
2484,21224.222913103284,458880.23924996075
2485,20870.325970178143,458880.23924996075
2486,20857.214192835832,458880.23924996075
2487,20977.776886069805,458880.23924996075
2488,20737.6303137336,458880.23924996075
2489,20689.372139312523,458880.23924996075
2490,20477.887448663958,458880.23924996075
2491,20167.563747066408,458880.23924996075
2492,19653.11295918713,458880.23924996075
2493,19454.157293218854,458880.23924996075
2494,19517.770499324906,458880.23924996075
2495,19546.145510925147,458880.23924996075
2496,19664.7020065112,458880.23924996075
2497,19155.827312744794,458880.23924996075
2498,18306.270120659043,458880.23924996075
2499,18036.441514701197,458880.23924996075
2500,17596.74941594856,458880.23924996075
2501,17390.045145766104,458880.23924996075
2502,16810.10089616909,458880.23924996075
2503,16483.54341279271,458880.23924996075
2504,16085.67182352691,458880.23924996075
2505,15927.587417470253,458880.23924996075
2506,16028.635961144466,458880.23924996075
2507,16001.473099467434,458880.23924996075
2508,15645.309622329783,458880.23924996075
2509,15099.696955083646,458880.23924996075
2510,14666.04747970649,458880.23924996075
2511,14390.632995691301,458880.23924996075
2512,14175.183855041892,458880.23924996075
2513,14183.23181516001,458880.23924996075
2514,14149.44644680423,458880.23924996075
2515,14130.271378587482,458880.23924996075
2516,14480.708731773739,458880.23924996075
2517,14308.479194159356,458880.23924996075
2518,13905.082884763875,458880.23924996075
2519,13792.182189574454,458880.23924996075
2520,13730.95235364696,458880.23924996075
2521,13515.580530012694,458880.23924996075
2522,13317.390502548487,458880.23924996075
2523,13478.689627305812,458880.23924996075
2524,13632.364265619559,458880.23924996075
2525,13930.194255240849,458880.23924996075
2526,14148.185536421266,458880.23924996075
2527,14117.693405636453,458880.23924996075
2528,13983.021351879644,458880.23924996075
2529,13958.483438304751,458880.23924996075
2530,13824.060666662579,458880.23924996075
2531,13912.693879803337,458880.23924996075
2532,14241.317376014393,458880.23924996075
2533,14260.282549712578,458880.23924996075
2534,13965.121862917884,458880.23924996075
2535,13921.022805563329,458880.23924996075
2536,13871.928571398652,458880.23924996075
2537,13781.045514022653,458880.23924996075
2538,13481.011887301209,458880.23924996075
2539,13441.099600781767,458880.23924996075
2540,13303.516789604802,458880.23924996075
2541,13345.29103501951,458880.23924996075
2542,13307.22897386383,458880.23924996075
2543,13414.16679844204,458880.23924996075
2544,13360.292899944845,458880.23924996075
2545,13507.457893982875,458880.23924996075
2546,13737.202721125197,458880.23924996075
2547,13776.402038807004,458880.23924996075
2548,13455.203912381055,458880.23924996075
2549,13535.91136933862,458880.23924996075
2550,13305.895731754761,458880.23924996075
2551,13083.94134164314,458880.23924996075
2552,12851.74948799374,458880.23924996075
2553,12909.75139207048,458880.23924996075
2554,12962.778481344963,458880.23924996075
2555,12738.89272075316,458880.23924996075
2556,12628.322080422155,458880.23924996075
2557,12481.949443669417,458880.23924996075
2558,12336.103942872118,458880.23924996075
2559,12342.268642704192,458880.23924996075
2560,12486.909340159435,458880.23924996075
2561,12808.275414505084,458880.23924996075
2562,13172.34503788064,458880.23924996075
2563,13043.043210971735,458880.23924996075
2564,12938.173868852211,458880.23924996075
2565,13168.386620195235,458880.23924996075
2566,13129.731460754683,458880.23924996075
2567,13030.32530680825,458880.23924996075
2568,13049.0207388796,458880.23924996075
2569,12851.306071666606,458880.23924996075
2570,12507.508031532365,458880.23924996075
2571,12399.101991157851,458880.23924996075
2572,11988.44858251803,458880.23924996075
2573,11920.896457807557,458880.23924996075
2574,11929.50679843486,458880.23924996075
2575,11673.430060007257,458880.23924996075
2576,11670.83096864853,458880.23924996075
2577,11379.514720852101,458880.23924996075
2578,11192.074615219064,458880.23924996075
2579,11113.990005636337,458880.23924996075
2580,10905.30281125886,458880.23924996075
2581,10825.721229136285,458880.23924996075
2582,11108.012454956066,458880.23924996075
2583,11120.404396875074,458880.23924996075
2584,10885.00687614625,458880.23924996075
2585,10714.23559205995,458880.23924996075
2586,10532.686600313418,458880.23924996075
2587,10339.279172843864,458880.23924996075
2588,10136.787830095209,458880.23924996075
2589,9877.354185773527,458880.23924996075
2590,9954.186800211164,458880.23924996075
2591,9822.04656487087,458880.23924996075
2592,9843.279027587967,458880.23924996075
2593,10069.325782423874,458880.23924996075
2594,9995.370550761658,458880.23924996075
2595,9771.106641272037,458880.23924996075
2596,9556.95749693409,458880.23924996075
2597,9250.644741799551,458880.23924996075
2598,8951.342338327258,458880.23924996075
2599,8608.726643360531,458880.23924996075
2600,8339.507398247091,458880.23924996075
2601,8131.794713563952,458880.23924996075
2602,7826.5302032362215,458880.23924996075
2603,7536.024757715695,458880.23924996075
2604,7438.522383961424,458880.23924996075
2605,7252.457185144524,458880.23924996075
2606,7147.484631270294,458880.23924996075
2607,7253.65430520653,458880.23924996075
2608,7206.578512748718,458880.23924996075
2609,6958.978570812461,458880.23924996075
2610,6808.033693909585,458880.23924996075
2611,6576.22540514522,458880.23924996075
2612,6372.841580042539,458880.23924996075
2613,6385.742525446875,458880.23924996075
2614,6433.592565529184,458880.23924996075
2615,6430.314778316343,458880.23924996075
2616,6417.555118570024,458880.23924996075
2617,6309.356355008357,458880.23924996075
2618,6172.721548895304,458880.23924996075
2619,6107.256956651351,458880.23924996075
2620,6018.960605384366,458880.23924996075
2621,5945.8916079285655,458880.23924996075
2622,5976.56524282275,458880.23924996075
2623,6010.725710445784,458880.23924996075
2624,6160.179601009117,458880.23924996075
2625,6187.365232549704,458880.23924996075
2626,6142.019427175192,458880.23924996075
2627,6156.5944378895265,458880.23924996075
2628,6256.80676106733,458880.23924996075
2629,6316.287869275819,458880.23924996075
2630,6374.945613662516,458880.23924996075
2631,6238.098316443342,458880.23924996075
2632,6251.029678872872,458880.23924996075
2633,6241.475961707202,458880.23924996075
2634,6259.27207278753,458880.23924996075
2635,6175.07840675017,458880.23924996075
2636,6118.210088782817,458880.23924996075
2637,6054.718902109765,458880.23924996075
2638,6072.982525387263,458880.23924996075
2639,6001.75993994871,458880.23924996075
2640,5845.705798719414,458880.23924996075
2641,5739.893469762706,458880.23924996075
2642,5744.362581580857,458880.23924996075
2643,5740.793914341278,458880.23924996075
2644,5577.302902996381,458880.23924996075
2645,5517.100710435971,458880.23924996075
2646,5608.954566563978,458880.23924996075
2647,5633.187480613133,458880.23924996075
2648,5540.001226222115,458880.23924996075
2649,5467.6275171765765,458880.23924996075
2650,5587.013869881165,458880.23924996075
2651,5518.196329041605,458880.23924996075
2652,5458.910711058948,458880.23924996075
2653,5367.941107129853,458880.23924996075
2654,5301.993271755041,458880.23924996075
2655,5299.132179863626,458880.23924996075
2656,5537.835745932213,458880.23924996075
2657,5643.007701542556,458880.23924996075
2658,5701.146945044958,458880.23924996075
2659,5744.15630191101,458880.23924996075
2660,5739.374197228169,458880.23924996075
2661,5694.004937003084,458880.23924996075
2662,5785.255525471922,458880.23924996075
2663,5783.013203589902,458880.23924996075
2664,5672.840375870759,458880.23924996075
2665,5657.803922724012,458880.23924996075
2666,5529.394024631127,458880.23924996075
2667,5398.941240150868,458880.23924996075
2668,5433.012665802817,458880.23924996075
2669,5337.593206269759,458880.23924996075
2670,5278.492852391713,458880.23924996075
2671,5152.030920773788,458880.23924996075
2672,4985.898908812807,458880.23924996075
2673,4850.831982922486,458880.23924996075
2674,4691.4867643184025,458880.23924996075
2675,4595.258612481965,458880.23924996075
2676,4620.995026077824,458880.23924996075
2677,4519.203042038891,458880.23924996075
2678,4547.644056530015,458880.23924996075
2679,4600.066974276345,458880.23924996075
2680,4569.337392286259,458880.23924996075
2681,4507.403511270483,458880.23924996075
2682,4401.469862865194,458880.23924996075
2683,4212.363456056288,458880.23924996075
2684,3952.9554399811414,458880.23924996075
2685,3892.867374564252,458880.23924996075
2686,3889.891313271979,458880.23924996075
2687,3915.1953826245526,458880.23924996075
2688,4046.7319798189346,458880.23924996075
2689,4090.7806654254823,458880.23924996075
2690,4077.7911943677063,458880.23924996075
2691,4088.3620814908018,458880.23924996075
2692,4255.735007233656,458880.23924996075
2693,4172.747831312979,458880.23924996075
2694,4181.289889671737,458880.23924996075
2695,4056.898727226667,458880.23924996075
2696,3929.7045481189293,458880.23924996075
2697,3774.3794008296054,458880.23924996075
2698,3627.043196001554,458880.23924996075
2699,3590.132153475633,458880.23924996075
2700,3544.405371829252,458880.23924996075
2701,3568.342232043176,458880.23924996075
2702,3539.5925550651,458880.23924996075
2703,3523.0581834028694,458880.23924996075
2704,3549.9315414594744,458880.23924996075
2705,3585.293066181936,458880.23924996075
2706,3594.310674484474,458880.23924996075
2707,3480.337065558578,458880.23924996075
2708,3409.54808168938,458880.23924996075
2709,3337.8708017629347,458880.23924996075
2710,3318.7435707359796,458880.23924996075
2711,3279.365300262168,458880.23924996075
2712,3287.5130851144163,458880.23924996075
2713,3277.2620144660877,458880.23924996075
2714,3188.0679035629305,458880.23924996075
2715,3203.2459937366634,458880.23924996075
2716,3251.7088783022214,458880.23924996075
2717,3236.2811488255907,458880.23924996075
2718,3175.2843279005083,458880.23924996075
2719,3082.436173803536,458880.23924996075
2720,3055.5910505950746,458880.23924996075
2721,3050.4832085345915,458880.23924996075
2722,3132.4444203126645,458880.23924996075
2723,3159.3712603447993,458880.23924996075
2724,3166.686957419229,458880.23924996075
2725,3099.0498802602874,458880.23924996075
2726,2993.1864391736526,458880.23924996075
2727,2871.1778493568286,458880.23924996075
2728,2847.9062141377162,458880.23924996075
2729,2830.125286282129,458880.23924996075
2730,2713.4692351755143,458880.23924996075
2731,2661.8480702824254,458880.23924996075
2732,2652.2506875603463,458880.23924996075
2733,2575.277674109297,458880.23924996075
2734,2533.0514033564305,458880.23924996075
2735,2478.550299754964,458880.23924996075
2736,2474.0132517153093,458880.23924996075
2737,2427.5992618216683,458880.23924996075
2738,2396.250993525664,458880.23924996075
2739,2405.5595147638633,458880.23924996075
2740,2377.5561467197426,458880.23924996075
2741,2383.6455736274443,458880.23924996075
2742,2441.817921820551,458880.23924996075
2743,2419.498941538976,458880.23924996075
2744,2411.4596499715904,458880.23924996075
2745,2397.316513033958,458880.23924996075
2746,2416.183269556396,458880.23924996075
2747,2298.926058435147,458880.23924996075
2748,2223.673278175583,458880.23924996075
2749,2165.718051290593,458880.23924996075
2750,2161.295656080701,458880.23924996075
2751,2196.3287688356622,458880.23924996075
2752,2201.888018365847,458880.23924996075
2753,2214.8056239678945,458880.23924996075
2754,2190.037621777557,458880.23924996075
2755,2186.8841912646762,458880.23924996075
2756,2254.738779120142,458880.23924996075
2757,2307.1977717522636,458880.23924996075
2758,2279.562344912992,458880.23924996075
2759,2200.507845841607,458880.23924996075
2760,2238.4142932522486,458880.23924996075
2761,2242.1911042451156,458880.23924996075
2762,2269.0111200744304,458880.23924996075
2763,2280.7328082478366,458880.23924996075
2764,2269.9606597191855,458880.23924996075
2765,2242.459081480959,458880.23924996075
2766,2173.797254603679,458880.23924996075
2767,2172.271570104961,458880.23924996075
2768,2168.337165071325,458880.23924996075
2769,2130.7863412755905,458880.23924996075
2770,2103.388479704967,458880.23924996075
2771,2111.489660823796,458880.23924996075
2772,2082.032405588336,458880.23924996075
2773,2088.2973484165473,458880.23924996075
2774,2139.336761657903,458880.23924996075
2775,2122.691921957106,458880.23924996075
2776,2124.0374763398377,458880.23924996075
2777,2057.946074182992,458880.23924996075
2778,2040.5240624193066,458880.23924996075
2779,2002.320126948606,458880.23924996075
2780,1976.0994949057952,458880.23924996075
2781,1974.8134641835795,458880.23924996075
2782,1996.512426244959,458880.23924996075
2783,2026.5593936204266,458880.23924996075
2784,2005.0256667634128,458880.23924996075
2785,1970.0028231541808,458880.23924996075
2786,1957.6345884482537,458880.23924996075
2787,1947.3885911310972,458880.23924996075
2788,1927.068644210082,458880.23924996075
2789,1921.1592202363745,458880.23924996075
2790,1881.636152323256,458880.23924996075
2791,1867.2951352593866,458880.23924996075
2792,1813.7065387055545,458880.23924996075
2793,1754.5759456625644,458880.23924996075
2794,1757.172661424145,458880.23924996075
2795,1749.156009751252,458880.23924996075
2796,1702.2628452119802,458880.23924996075
2797,1650.9344532932873,458880.23924996075
2798,1651.4321233775058,458880.23924996075
2799,1610.6741775194985,458880.23924996075
2800,1548.8407490351876,458880.23924996075
2801,1501.595642681799,458880.23924996075
2802,1452.746795822266,458880.23924996075
2803,1434.8413562618405,458880.23924996075
2804,1458.4331527588486,458880.23924996075
2805,1463.345389113138,458880.23924996075
2806,1491.5672557203814,458880.23924996075
2807,1484.0611861398052,458880.23924996075
2808,1471.9001841116642,458880.23924996075
2809,1479.440190582866,458880.23924996075
2810,1466.9414667763806,458880.23924996075
2811,1437.563053210329,458880.23924996075
2812,1381.519944875465,458880.23924996075
2813,1350.6370905003905,458880.23924996075
2814,1314.8449127847446,458880.23924996075
2815,1293.7213553566053,458880.23924996075
2816,1265.2081135924163,458880.23924996075
2817,1281.1669686746734,458880.23924996075
2818,1277.174178688335,458880.23924996075
2819,1262.690674833628,458880.23924996075
2820,1246.2790204471953,458880.23924996075
2821,1207.6524013394453,458880.23924996075
2822,1172.5675553460692,458880.23924996075
2823,1180.5316198241405,458880.23924996075
2824,1203.3209699686,458880.23924996075
2825,1252.0772466633239,458880.23924996075
2826,1290.403802619784,458880.23924996075
2827,1282.3543264857963,458880.23924996075
2828,1246.8394868367452,458880.23924996075
2829,1202.6911195490864,458880.23924996075
2830,1157.9539530920308,458880.23924996075
2831,1148.97405949576,458880.23924996075
2832,1163.6073485082113,458880.23924996075
2833,1172.4414775170096,458880.23924996075
2834,1154.0614095799647,458880.23924996075
2835,1144.0642976618792,458880.23924996075
2836,1135.7957307457227,458880.23924996075
2837,1106.4552521690562,458880.23924996075
2838,1074.883507740003,458880.23924996075
2839,1067.6050289861996,458880.23924996075
2840,1076.3129251968055,458880.23924996075
2841,1077.0839983959481,458880.23924996075
2842,1080.6167939952047,458880.23924996075
2843,1058.871240663672,458880.23924996075
2844,1037.4159019125916,458880.23924996075
2845,1029.9692064982182,458880.23924996075
2846,1027.2470777149376,458880.23924996075
2847,1050.4901680647076,458880.23924996075
2848,1053.9058754920313,458880.23924996075
2849,1056.1333843644904,458880.23924996075
2850,1034.5997912862156,458880.23924996075
2851,1044.2976502792803,458880.23924996075
2852,1040.44920668498,458880.23924996075
2853,1051.1725543545638,458880.23924996075
2854,1047.2676278709882,458880.23924996075
2855,1053.852082291,458880.23924996075
2856,1049.1784589985737,458880.23924996075
2857,1014.9224811610422,458880.23924996075
2858,972.3889568375101,458880.23924996075
2859,973.6845170122779,458880.23924996075
2860,993.4981083557839,458880.23924996075
2861,1014.0612993504768,458880.23924996075
2862,1038.8532694509645,458880.23924996075
2863,1057.1285629681233,458880.23924996075
2864,1075.3547967736913,458880.23924996075
2865,1047.989651870241,458880.23924996075
2866,1026.5967550958194,458880.23924996075
2867,1037.0196807512298,458880.23924996075
2868,1019.3135140650251,458880.23924996075
2869,989.6911788750929,458880.23924996075
2870,956.9252817456609,458880.23924996075
2871,932.653249528562,458880.23924996075
2872,931.1682231198915,458880.23924996075
2873,941.6181896528688,458880.23924996075
2874,934.0873224892098,458880.23924996075
2875,907.4070549180061,458880.23924996075
2876,896.2426621645421,458880.23924996075
2877,885.6529468669439,458880.23924996075
2878,876.9850629111492,458880.23924996075
2879,863.2426918623304,458880.23924996075
2880,868.1220444651821,458880.23924996075
2881,852.9033075031791,458880.23924996075
2882,851.0827461630172,458880.23924996075
2883,849.582194541922,458880.23924996075
2884,814.997149159737,458880.23924996075
2885,785.2474810556508,458880.23924996075
2886,749.0825699600958,458880.23924996075
2887,727.6665658695831,458880.23924996075
2888,725.6688889168128,458880.23924996075
2889,729.4971473614764,458880.23924996075
2890,744.6607586854034,458880.23924996075
2891,749.5699799827638,458880.23924996075
2892,766.0845222818392,458880.23924996075
2893,757.1795067282944,458880.23924996075
2894,768.2475424396675,458880.23924996075
2895,777.626876320067,458880.23924996075
2896,782.0377797141732,458880.23924996075
2897,806.9314702299279,458880.23924996075
2898,838.6063439879243,458880.23924996075
2899,850.7240781352316,458880.23924996075
2900,854.4521902996263,458880.23924996075
2901,860.12515428416,458880.23924996075
2902,827.1296230893064,458880.23924996075
2903,821.2271073085495,458880.23924996075
2904,814.3052109503793,458880.23924996075
2905,805.1232155086354,458880.23924996075
2906,824.366521909769,458880.23924996075
2907,824.5019683171149,458880.23924996075
2908,842.527408434863,458880.23924996075
2909,845.0094112143847,458880.23924996075
2910,821.0877292448731,458880.23924996075
2911,799.6818262147657,458880.23924996075
2912,790.0257071356942,458880.23924996075
2913,774.0987664886477,458880.23924996075
2914,778.0219902047105,458880.23924996075
2915,790.982246301348,458880.23924996075
2916,799.491419316634,458880.23924996075
2917,780.6714927670686,458880.23924996075
2918,753.4274243334779,458880.23924996075
2919,725.5506256480362,458880.23924996075
2920,707.7521706190879,458880.23924996075
2921,684.6811320577176,458880.23924996075
2922,671.5169408717921,458880.23924996075
2923,653.008061232487,458880.23924996075
2924,640.2993616317494,458880.23924996075
2925,644.2916613983737,458880.23924996075
2926,656.5843042843426,458880.23924996075
2927,648.0947801588808,458880.23924996075
2928,629.3184974327146,458880.23924996075
2929,628.178264291101,458880.23924996075
2930,619.2492138182009,458880.23924996075
2931,627.2947456675709,458880.23924996075
2932,652.9319071594789,458880.23924996075
2933,659.249310560353,458880.23924996075
2934,676.9175061329012,458880.23924996075
2935,685.8859608640848,458880.23924996075
2936,680.9269416309478,458880.23924996075
2937,661.9208395754038,458880.23924996075
2938,645.0432073016237,458880.23924996075
2939,650.001796618596,458880.23924996075
2940,642.6324648128694,458880.23924996075
2941,638.5423279824843,458880.23924996075
2942,633.6864011171843,458880.23924996075
2943,622.1236022915037,458880.23924996075
2944,609.7397399767849,458880.23924996075
2945,613.014350383002,458880.23924996075
2946,608.4503057313661,458880.23924996075
2947,608.1769231119395,458880.23924996075
2948,604.8124689620163,458880.23924996075
2949,597.7624142764482,458880.23924996075
2950,589.5976979306791,458880.23924996075
2951,595.5365614900293,458880.23924996075
2952,590.494365062364,458880.23924996075
2953,572.4574298072843,458880.23924996075
2954,564.9757370508817,458880.23924996075
2955,553.2969386046263,458880.23924996075
2956,551.8618912808432,458880.23924996075
2957,556.4831268393166,458880.23924996075
2958,552.2066830153358,458880.23924996075
2959,559.6773345345792,458880.23924996075
2960,557.91800141782,458880.23924996075
2961,547.9356927003907,458880.23924996075
2962,542.0851139205519,458880.23924996075
2963,543.5838214694903,458880.23924996075
2964,547.1143787979282,458880.23924996075
2965,547.4517496749766,458880.23924996075
2966,555.0128017591503,458880.23924996075
2967,548.3834254470845,458880.23924996075
2968,528.2314717649066,458880.23924996075
2969,520.6739511086269,458880.23924996075
2970,524.909778374799,458880.23924996075
2971,515.9016356723463,458880.23924996075
2972,514.2645168087838,458880.23924996075
2973,507.99002427183297,458880.23924996075
2974,495.37934039560076,458880.23924996075
2975,487.5693809044819,458880.23924996075
2976,489.4520214227572,458880.23924996075
2977,475.1176549766864,458880.23924996075
2978,476.16453278602063,458880.23924996075
2979,463.13505012497194,458880.23924996075
2980,453.5864869770897,458880.23924996075
2981,436.69227899556415,458880.23924996075
2982,439.0304410122257,458880.23924996075
2983,450.4272061603668,458880.23924996075
2984,443.82546187146977,458880.23924996075
2985,444.02014766738836,458880.23924996075
2986,441.7571677605302,458880.23924996075
2987,433.68362082117403,458880.23924996075
2988,430.60670747494004,458880.23924996075
2989,428.99831475010194,458880.23924996075
2990,421.0338131137653,458880.23924996075
2991,417.080400433185,458880.23924996075
2992,415.74939144373934,458880.23924996075
2993,407.24818360058043,458880.23924996075
2994,406.00894700376347,458880.23924996075
2995,405.85417950112793,458880.23924996075
2996,405.66587941484556,458880.23924996075
2997,412.32980245123446,458880.23924996075
2998,409.5552844099431,458880.23924996075
2999,405.6973088751938,458880.23924996075
3000,403.1455336391435,458880.23924996075
